Guard1Running.png
0.1 0 0 120 120
0.1 120 0 120 120
0.1 240 0 120 120
0.1 360 0 120 120
0.1 480 0 120 120
0.1 600 0 120 120
0.1 720 0 120 120 
0.1 840 0 120 120
0.1 960 0 120 120
0.1 1080 0 120 120
0.1 1200 0 120 120

Guard1Shooting.png
0.2 0 0 120 120
0.2 120 0 120 120
0.2 240 0 120 120
0.2 360 0 120 120
0.2 480 0 120 120
0.2 600 0 120 120
0.2 720 0 120 120 
0.2 840 0 120 120
0.2 960 0 120 120
0.2 1080 0 120 120
0.2 1200 0 120 120
0.2 1320 0 120 120

Guard1Searching.png
0.2 0 0 120 120
0.2 120 0 120 120
0.2 240 0 120 120
0.2 360 0 120 120
0.2 480 0 120 120
0.2 600 0 120 120
0.2 720 0 120 120 
0.2 840 0 120 120

Guard1Rising.png
0.1 0 0 120 120
0.1 120 0 120 120
0.1 240 0 120 120
0.1 360 0 120 120
0.1 480 0 120 120
0.1 600 0 120 120
0.1 720 0 120 120 
0.1 840 0 120 120
0.1 960 0 120 120
0.1 1080 0 120 120
0.1 1200 0 120 120
0.1 1320 0 120 120
0.1 1440 0 120 120
0.1 1560 0 120 120
0.1 1680 0 120 120

Guard1DrawWeapon.png
0.1 0 0 120 120
0.1 120 0 120 120
0.1 240 0 120 120
0.1 360 0 120 120
0.1 480 0 120 120
0.1 600 0 120 120
0.1 720 0 120 120 
0.1 840 0 120 120
0.1 960 0 120 120
0.1 1080 0 120 120

Guard1KnockedOut.png
0.1 0 0 120 120
0.1 120 0 120 120
0.1 240 0 120 120
0.1 360 0 120 120
0.1 480 0 120 120
0.1 600 0 120 120
0.1 720 0 120 120 
0.1 840 0 120 120
0.1 960 0 120 120
0.1 1080 0 120 120
0.1 1200 0 120 120
0.1 1320 0 120 120
0.1 1440 0 120 120
0.1 1560 0 120 120
0.1 1680 0 120 120
0.1 1800 0 120 120
0.1 1920 0 120 120
0.1 2040 0 120 120
0.1 2160 0 120 120
0.1 2280 0 120 120
0.1 2400 0 120 120
0.1 2520 0 120 120

Guard1Smoking.png
0.1 0 0 120 120
0.1 120 0 120 120
0.1 240 0 120 120
0.1 360 0 120 120
0.1 480 0 120 120
0.1 600 0 120 120
0.1 720 0 120 120 
0.1 840 0 120 120
0.1 960 0 120 120
0.1 1080 0 120 120
0.1 1200 0 120 120
0.1 1320 0 120 120
0.1 1440 0 120 120
0.1 1560 0 120 120
0.1 1680 0 120 120
0.1 1800 0 120 120

Guard1Walking.png
0.1 0 0 120 120
0.1 120 0 120 120
0.1 240 0 120 120
0.1 360 0 120 120
0.1 480 0 120 120
0.1 600 0 120 120
0.1 720 0 120 120 
0.1 840 0 120 120
0.1 960 0 120 120