PlayerSneaking.png
0.1 0 0 120 120
0.1 120 0 120 120
0.1 240 0 120 120
0.1 360 0 120 120
0.1 480 0 120 120
0.1 600 0 120 120
0.1 720 0 120 120 
0.1 840 0 120 120
0.1 960 0 120 120
0.1 1080 0 120 120
0.1 1200 0 120 120
0.1 1320 0 120 120
0.1 1440 0 120 120
0.1 1560 0 120 120
0.1 1680 0 120 120

PlayerRunning.png
0.1 0 0 120 120
0.1 120 0 120 120
0.1 240 0 120 120
0.1 360 0 120 120
0.1 480 0 120 120
0.1 600 0 120 120
0.1 720 0 120 120 
0.1 840 0 120 120
0.1 960 0 120 120
0.1 1080 0 120 120
0.1 1200 0 120 120
0.1 1320 0 120 120

PlayerIdle.png
0.6 0 0 120 120
0.3 120 0 120 120
0.3 240 0 120 120
0.6 360 0 120 120
0.3 240 0 120 120
0.3 120 0 120 120

PlayerAttacking.png
0.1 0 0 120 120
0.1 120 0 120 120
0.1 240 0 120 120
0.1 360 0 120 120
0.1 480 0 120 120
0.1 600 0 120 120
0.1 720 0 120 120 
0.1 840 0 120 120
0.1 960 0 120 120
0.1 1080 0 120 120
0.1 1200 0 120 120

PlayerStrafing.png
0.1 0 0 120 120
0.1 120 0 120 120
0.1 240 0 120 120
0.1 360 0 120 120
0.1 480 0 120 120

PlayerDying.png
0.02 0 0 120 120
0.02 120 0 120 120
0.02 240 0 120 120
0.02 360 0 120 120
0.02 480 0 120 120
0.05 600 0 120 120
0.05 720 0 120 120 
0.05 840 0 120 120
0.05 960 0 120 120
0.05 1080 0 120 120
0.05 1200 0 120 120
0.05 1320 0 120 120
0.05 1440 0 120 120
0.05 1560 0 120 120
0.05 1680 0 120 120
0.05 1800 0 120 120
0.05 1920 0 120 120
0.05 2040 0 120 120
0.05 2160 0 120 120
0.05 2280 0 120 120
0.05 2400 0 120 120
0.05 2520 0 120 120
0.05 2640 0 120 120
0.05 2760 0 120 120
0.05 2880 0 120 120
0.05 3000 0 120 120
0.05 3120 0 120 120
0.05 3240 0 120 120
0.05 3360 0 120 120
0.05 3480 0 120 120
0.05 3600 0 120 120
2 3720 0 120 120