1297 2679 270 False 255 255 255 Door.png
2241 742 270 False 255 255 255 Door.png
2242 2678 270 False 255 255 255 Door.png
3648 1515 270 False 255 255 255 Door.png
2686 1512 270 False 255 255 255 Door.png
2652 2132 270 False 255 255 255 Door.png
3621 2131 270 False 255 255 255 Door.png
5077 3503 180 False 255 255 255 Door.png
4896 348 0 False 255 255 255 Door.png
6479 3282 90 False 255 255 255 Door.png
6662 3283 90 False 255 255 255 Door.png
7007 3266 90 False 255 255 255 Door.png
6481 2804 90 False 255 255 255 Door.png
6114 2489 180 False 255 255 255 Door.png
6113 2489 0 False 255 255 255 Door.png
6681 2106 0 False 255 255 255 Door.png
7025 2391 90 False 255 255 255 Door.png
7546 2392 90 False 255 255 255 Door.png
6725 2628 0 False 255 255 255 Door.png
6681 2488 0 False 255 255 255 Door.png
7816 2972 0 False 255 255 255 Door.png
7131 2970 0 False 255 255 255 Door.png
7148 3364 0 False 255 255 255 Door.png
7686 3353 0 False 255 255 255 Door.png
7679 3564 0 False 255 255 255 Door.png
7178 3560 0 False 255 255 255 Door.png
6756 2964 0 False 255 255 255 Door.png
6139 905 0 False 255 255 255 Door.png
6116 1364 0 False 255 255 255 Door.png
6682 1362 0 False 255 255 255 Door.png
6757 881 0 False 255 255 255 Door.png
6724 1225 0 False 255 255 255 Door.png
7133 882 0 False 255 255 255 Door.png
7150 491 0 False 255 255 255 Door.png
7179 280 0 False 255 255 255 Door.png
7680 283 0 False 255 255 255 Door.png
7689 494 0 False 255 255 255 Door.png
7816 884 0 False 255 255 255 Door.png
6682 1747 0 False 255 255 255 Door.png
6480 568 270 False 255 255 255 Door.png
7016 586 270 False 255 255 255 Door.png
7537 990 270 False 255 255 255 Door.png
7034 1459 270 False 255 255 255 Door.png
7554 1459 270 False 255 255 255 Door.png
4043 3550 270 False 255 0 0 Door.png
4044 113 270 False 0 255 255 Door.png
5990 1840 270 False 0 255 0 Door.png
7766 2014 90 False 255 0 128 Door.png
§