§
2445 475 90
: 3880 476
§
3603 770 90
: 2722 771
§
3933 1632 90
: 3934 738
§
3714 1378 90
: 2420 1377
§
2771 1622 90
: 3576 1617
§
2431 2506 90
: 3011 2506
§
3871 2505 90
: 3240 2505
§
2421 3613 90
: 2739 3613
§
3863 3612 90
: 3360 3608
§
4968 3320 90
: 4970 2259
§
4542 2937 90
: 4899 2938
: 4901 3213
: 4535 3210
§
5248 2997 90
: 5921 2993
§
4110 1935 90
: 4664 1937
§
5296 1931 90
: 5890 1931
§
4882 1618 90
: 4886 659
§
5056 667 90
: 5050 1618
§
4765 639 90
: 4154 636
§
5792 642 90
: 5181 641
§
6547 901 90
: 6551 176
: 6803 179
: 6551 176
§
6906 177 90
: 8180 176
§
8212 619 90
: 8212 1020
: 7637 1015
: 7633 1285
: 7637 1015
: 8212 1020
§
7640 1692 90
: 7640 1320
: 7257 1320
: 7640 1320
§
6564 1322 90
: 7162 1326
§
6562 2545 90
: 7200 2540
§
7296 2533 90
: 7640 2531
: 7641 2155
: 7640 2531
§
8181 3237 90
: 8186 2830
: 7637 2831
: 7639 2603
: 7637 2831
: 8186 2830
§
6926 3672 90
: 8181 3671
§
6557 2957 90
: 6556 3669
: 6812 3674
: 6556 3669
