0 0
0 665
2257 665
2257 0

332 332
0 0
0 665
665 665
665 0

997 332
665 0
665 665
1330 665
1330 0

1793 332
1330 0
1330 665
2257 665
2257 0
§
0 665
0 1774
945 1774
945 665

472 1219
0 665
0 1774
945 1774
945 665
§
945 665
945 1733
1030 1733
1030 665

987 707
945 665
945 750
1030 750
1030 665

987 792
945 750
945 835
1030 835
1030 750

987 877
945 835
945 920
1030 920
1030 835

987 962
945 920
945 1005
1030 1005
1030 920

987 1047
945 1005
945 1090
1030 1090
1030 1005

987 1132
945 1090
945 1175
1030 1175
1030 1090

987 1217
945 1175
945 1260
1030 1260
1030 1175

987 1302
945 1260
945 1345
1030 1345
1030 1260

987 1387
945 1345
945 1430
1030 1430
1030 1345

987 1472
945 1430
945 1515
1030 1515
1030 1430

987 1557
945 1515
945 1600
1030 1600
1030 1515

987 1642
945 1600
945 1685
1030 1685
1030 1600

987 1709
945 1685
945 1733
1030 1733
1030 1685
§
0 1774
0 3859
450 3859
450 1774

225 1999
0 1774
0 2224
450 2224
450 1774

225 2449
0 2224
0 2674
450 2674
450 2224

225 2899
0 2674
0 3124
450 3124
450 2674

225 3349
0 3124
0 3574
450 3574
450 3124

225 3716
0 3574
0 3859
450 3859
450 3574
§
450 2068
450 3859
845 3859
845 2068

647 2265
450 2068
450 2463
845 2463
845 2068

647 2660
450 2463
450 2858
845 2858
845 2463

647 3055
450 2858
450 3253
845 3253
845 2858

647 3450
450 3253
450 3648
845 3648
845 3253

647 3753
450 3648
450 3859
845 3859
845 3648
§
845 2068
845 3859
945 3859
945 2068

895 2118
845 2068
845 2168
945 2168
945 2068

895 2218
845 2168
845 2268
945 2268
945 2168

895 2318
845 2268
845 2368
945 2368
945 2268

895 2418
845 2368
845 2468
945 2468
945 2368

895 2518
845 2468
845 2568
945 2568
945 2468

895 2618
845 2568
845 2668
945 2668
945 2568

895 2718
845 2668
845 2768
945 2768
945 2668

895 2818
845 2768
845 2868
945 2868
945 2768

895 2918
845 2868
845 2968
945 2968
945 2868

895 3018
845 2968
845 3068
945 3068
945 2968

895 3118
845 3068
845 3168
945 3168
945 3068

895 3218
845 3168
845 3268
945 3268
945 3168

895 3318
845 3268
845 3368
945 3368
945 3268

895 3418
845 3368
845 3468
945 3468
945 3368

895 3518
845 3468
845 3568
945 3568
945 3468

895 3618
845 3568
845 3668
945 3668
945 3568

895 3718
845 3668
845 3768
945 3768
945 3668

895 3813
845 3768
845 3859
945 3859
945 3768
§
945 2115
945 3859
1030 3859
1030 2115

987 2157
945 2115
945 2200
1030 2200
1030 2115

987 2242
945 2200
945 2285
1030 2285
1030 2200

987 2327
945 2285
945 2370
1030 2370
1030 2285

987 2412
945 2370
945 2455
1030 2455
1030 2370

987 2497
945 2455
945 2540
1030 2540
1030 2455

987 2582
945 2540
945 2625
1030 2625
1030 2540

987 2667
945 2625
945 2710
1030 2710
1030 2625

987 2752
945 2710
945 2795
1030 2795
1030 2710

987 2837
945 2795
945 2880
1030 2880
1030 2795

987 2922
945 2880
945 2965
1030 2965
1030 2880

987 3007
945 2965
945 3050
1030 3050
1030 2965

987 3092
945 3050
945 3135
1030 3135
1030 3050

987 3177
945 3135
945 3220
1030 3220
1030 3135

987 3262
945 3220
945 3305
1030 3305
1030 3220

987 3347
945 3305
945 3390
1030 3390
1030 3305

987 3432
945 3390
945 3475
1030 3475
1030 3390

987 3517
945 3475
945 3560
1030 3560
1030 3475

987 3602
945 3560
945 3645
1030 3645
1030 3560

987 3687
945 3645
945 3730
1030 3730
1030 3645

987 3772
945 3730
945 3815
1030 3815
1030 3730

987 3837
945 3815
945 3859
1030 3859
1030 3815
§
1030 3167
1030 3859
2257 3859
2257 3167

1376 3513
1030 3167
1030 3859
1722 3859
1722 3167

1989 3513
1722 3167
1722 3859
2257 3859
2257 3167
§
2257 0
2257 101
10058 101
10058 0

2307 50
2257 0
2257 101
2358 101
2358 0

2408 50
2358 0
2358 101
2459 101
2459 0

2509 50
2459 0
2459 101
2560 101
2560 0

2610 50
2560 0
2560 101
2661 101
2661 0

2711 50
2661 0
2661 101
2762 101
2762 0

2812 50
2762 0
2762 101
2863 101
2863 0

2913 50
2863 0
2863 101
2964 101
2964 0

3014 50
2964 0
2964 101
3065 101
3065 0

3115 50
3065 0
3065 101
3166 101
3166 0

3216 50
3166 0
3166 101
3267 101
3267 0

3317 50
3267 0
3267 101
3368 101
3368 0

3418 50
3368 0
3368 101
3469 101
3469 0

3519 50
3469 0
3469 101
3570 101
3570 0

3620 50
3570 0
3570 101
3671 101
3671 0

3721 50
3671 0
3671 101
3772 101
3772 0

3822 50
3772 0
3772 101
3873 101
3873 0

3923 50
3873 0
3873 101
3974 101
3974 0

4024 50
3974 0
3974 101
4075 101
4075 0

4125 50
4075 0
4075 101
4176 101
4176 0

4226 50
4176 0
4176 101
4277 101
4277 0

4327 50
4277 0
4277 101
4378 101
4378 0

4428 50
4378 0
4378 101
4479 101
4479 0

4529 50
4479 0
4479 101
4580 101
4580 0

4630 50
4580 0
4580 101
4681 101
4681 0

4731 50
4681 0
4681 101
4782 101
4782 0

4832 50
4782 0
4782 101
4883 101
4883 0

4933 50
4883 0
4883 101
4984 101
4984 0

5034 50
4984 0
4984 101
5085 101
5085 0

5135 50
5085 0
5085 101
5186 101
5186 0

5236 50
5186 0
5186 101
5287 101
5287 0

5337 50
5287 0
5287 101
5388 101
5388 0

5438 50
5388 0
5388 101
5489 101
5489 0

5539 50
5489 0
5489 101
5590 101
5590 0

5640 50
5590 0
5590 101
5691 101
5691 0

5741 50
5691 0
5691 101
5792 101
5792 0

5842 50
5792 0
5792 101
5893 101
5893 0

5943 50
5893 0
5893 101
5994 101
5994 0

6044 50
5994 0
5994 101
6095 101
6095 0

6145 50
6095 0
6095 101
6196 101
6196 0

6246 50
6196 0
6196 101
6297 101
6297 0

6347 50
6297 0
6297 101
6398 101
6398 0

6448 50
6398 0
6398 101
6499 101
6499 0

6549 50
6499 0
6499 101
6600 101
6600 0

6650 50
6600 0
6600 101
6701 101
6701 0

6751 50
6701 0
6701 101
6802 101
6802 0

6852 50
6802 0
6802 101
6903 101
6903 0

6953 50
6903 0
6903 101
7004 101
7004 0

7054 50
7004 0
7004 101
7105 101
7105 0

7155 50
7105 0
7105 101
7206 101
7206 0

7256 50
7206 0
7206 101
7307 101
7307 0

7357 50
7307 0
7307 101
7408 101
7408 0

7458 50
7408 0
7408 101
7509 101
7509 0

7559 50
7509 0
7509 101
7610 101
7610 0

7660 50
7610 0
7610 101
7711 101
7711 0

7761 50
7711 0
7711 101
7812 101
7812 0

7862 50
7812 0
7812 101
7913 101
7913 0

7963 50
7913 0
7913 101
8014 101
8014 0

8064 50
8014 0
8014 101
8115 101
8115 0

8165 50
8115 0
8115 101
8216 101
8216 0

8266 50
8216 0
8216 101
8317 101
8317 0

8367 50
8317 0
8317 101
8418 101
8418 0

8468 50
8418 0
8418 101
8519 101
8519 0

8569 50
8519 0
8519 101
8620 101
8620 0

8670 50
8620 0
8620 101
8721 101
8721 0

8771 50
8721 0
8721 101
8822 101
8822 0

8872 50
8822 0
8822 101
8923 101
8923 0

8973 50
8923 0
8923 101
9024 101
9024 0

9074 50
9024 0
9024 101
9125 101
9125 0

9175 50
9125 0
9125 101
9226 101
9226 0

9276 50
9226 0
9226 101
9327 101
9327 0

9377 50
9327 0
9327 101
9428 101
9428 0

9478 50
9428 0
9428 101
9529 101
9529 0

9579 50
9529 0
9529 101
9630 101
9630 0

9680 50
9630 0
9630 101
9731 101
9731 0

9781 50
9731 0
9731 101
9832 101
9832 0

9882 50
9832 0
9832 101
9933 101
9933 0

9995 50
9933 0
9933 101
10058 101
10058 0
§
2257 3764
2257 3859
10058 3859
10058 3764

2304 3811
2257 3764
2257 3859
2352 3859
2352 3764

2399 3811
2352 3764
2352 3859
2447 3859
2447 3764

2494 3811
2447 3764
2447 3859
2542 3859
2542 3764

2589 3811
2542 3764
2542 3859
2637 3859
2637 3764

2684 3811
2637 3764
2637 3859
2732 3859
2732 3764

2779 3811
2732 3764
2732 3859
2827 3859
2827 3764

2874 3811
2827 3764
2827 3859
2922 3859
2922 3764

2969 3811
2922 3764
2922 3859
3017 3859
3017 3764

3064 3811
3017 3764
3017 3859
3112 3859
3112 3764

3159 3811
3112 3764
3112 3859
3207 3859
3207 3764

3254 3811
3207 3764
3207 3859
3302 3859
3302 3764

3349 3811
3302 3764
3302 3859
3397 3859
3397 3764

3444 3811
3397 3764
3397 3859
3492 3859
3492 3764

3539 3811
3492 3764
3492 3859
3587 3859
3587 3764

3634 3811
3587 3764
3587 3859
3682 3859
3682 3764

3729 3811
3682 3764
3682 3859
3777 3859
3777 3764

3824 3811
3777 3764
3777 3859
3872 3859
3872 3764

3919 3811
3872 3764
3872 3859
3967 3859
3967 3764

4014 3811
3967 3764
3967 3859
4062 3859
4062 3764

4109 3811
4062 3764
4062 3859
4157 3859
4157 3764

4204 3811
4157 3764
4157 3859
4252 3859
4252 3764

4299 3811
4252 3764
4252 3859
4347 3859
4347 3764

4394 3811
4347 3764
4347 3859
4442 3859
4442 3764

4489 3811
4442 3764
4442 3859
4537 3859
4537 3764

4584 3811
4537 3764
4537 3859
4632 3859
4632 3764

4679 3811
4632 3764
4632 3859
4727 3859
4727 3764

4774 3811
4727 3764
4727 3859
4822 3859
4822 3764

4869 3811
4822 3764
4822 3859
4917 3859
4917 3764

4964 3811
4917 3764
4917 3859
5012 3859
5012 3764

5059 3811
5012 3764
5012 3859
5107 3859
5107 3764

5154 3811
5107 3764
5107 3859
5202 3859
5202 3764

5249 3811
5202 3764
5202 3859
5297 3859
5297 3764

5344 3811
5297 3764
5297 3859
5392 3859
5392 3764

5439 3811
5392 3764
5392 3859
5487 3859
5487 3764

5534 3811
5487 3764
5487 3859
5582 3859
5582 3764

5629 3811
5582 3764
5582 3859
5677 3859
5677 3764

5724 3811
5677 3764
5677 3859
5772 3859
5772 3764

5819 3811
5772 3764
5772 3859
5867 3859
5867 3764

5914 3811
5867 3764
5867 3859
5962 3859
5962 3764

6009 3811
5962 3764
5962 3859
6057 3859
6057 3764

6104 3811
6057 3764
6057 3859
6152 3859
6152 3764

6199 3811
6152 3764
6152 3859
6247 3859
6247 3764

6294 3811
6247 3764
6247 3859
6342 3859
6342 3764

6389 3811
6342 3764
6342 3859
6437 3859
6437 3764

6484 3811
6437 3764
6437 3859
6532 3859
6532 3764

6579 3811
6532 3764
6532 3859
6627 3859
6627 3764

6674 3811
6627 3764
6627 3859
6722 3859
6722 3764

6769 3811
6722 3764
6722 3859
6817 3859
6817 3764

6864 3811
6817 3764
6817 3859
6912 3859
6912 3764

6959 3811
6912 3764
6912 3859
7007 3859
7007 3764

7054 3811
7007 3764
7007 3859
7102 3859
7102 3764

7149 3811
7102 3764
7102 3859
7197 3859
7197 3764

7244 3811
7197 3764
7197 3859
7292 3859
7292 3764

7339 3811
7292 3764
7292 3859
7387 3859
7387 3764

7434 3811
7387 3764
7387 3859
7482 3859
7482 3764

7529 3811
7482 3764
7482 3859
7577 3859
7577 3764

7624 3811
7577 3764
7577 3859
7672 3859
7672 3764

7719 3811
7672 3764
7672 3859
7767 3859
7767 3764

7814 3811
7767 3764
7767 3859
7862 3859
7862 3764

7909 3811
7862 3764
7862 3859
7957 3859
7957 3764

8004 3811
7957 3764
7957 3859
8052 3859
8052 3764

8099 3811
8052 3764
8052 3859
8147 3859
8147 3764

8194 3811
8147 3764
8147 3859
8242 3859
8242 3764

8289 3811
8242 3764
8242 3859
8337 3859
8337 3764

8384 3811
8337 3764
8337 3859
8432 3859
8432 3764

8479 3811
8432 3764
8432 3859
8527 3859
8527 3764

8574 3811
8527 3764
8527 3859
8622 3859
8622 3764

8669 3811
8622 3764
8622 3859
8717 3859
8717 3764

8764 3811
8717 3764
8717 3859
8812 3859
8812 3764

8859 3811
8812 3764
8812 3859
8907 3859
8907 3764

8954 3811
8907 3764
8907 3859
9002 3859
9002 3764

9049 3811
9002 3764
9002 3859
9097 3859
9097 3764

9144 3811
9097 3764
9097 3859
9192 3859
9192 3764

9239 3811
9192 3764
9192 3859
9287 3859
9287 3764

9334 3811
9287 3764
9287 3859
9382 3859
9382 3764

9429 3811
9382 3764
9382 3859
9477 3859
9477 3764

9524 3811
9477 3764
9477 3859
9572 3859
9572 3764

9619 3811
9572 3764
9572 3859
9667 3859
9667 3764

9714 3811
9667 3764
9667 3859
9762 3859
9762 3764

9809 3811
9762 3764
9762 3859
9857 3859
9857 3764

9904 3811
9857 3764
9857 3859
9952 3859
9952 3764

10005 3811
9952 3764
9952 3859
10058 3859
10058 3764
§
8354 101
8354 1142
10058 1142
10058 101

8874 621
8354 101
8354 1142
9395 1142
9395 101

9726 621
9395 101
9395 1142
10058 1142
10058 101
§
8735 1142
8735 1772
10058 1772
10058 1142

9050 1457
8735 1142
8735 1772
9365 1772
9365 1142

9711 1457
9365 1142
9365 1772
10058 1772
10058 1142
§
9035 1772
9035 2112
10058 2112
10058 1772

9205 1942
9035 1772
9035 2112
9375 2112
9375 1772

9545 1942
9375 1772
9375 2112
9715 2112
9715 1772

9886 1942
9715 1772
9715 2112
10058 2112
10058 1772
§
8735 2074
8735 3764
9035 3764
9035 2074

8885 2224
8735 2074
8735 2374
9035 2374
9035 2074

8885 2524
8735 2374
8735 2674
9035 2674
9035 2374

8885 2824
8735 2674
8735 2974
9035 2974
9035 2674

8885 3124
8735 2974
8735 3274
9035 3274
9035 2974

8885 3424
8735 3274
8735 3574
9035 3574
9035 3274

8885 3669
8735 3574
8735 3764
9035 3764
9035 3574
§
8354 2716
8354 3764
8735 3764
8735 2716

8544 2906
8354 2716
8354 3097
8735 3097
8735 2716

8544 3287
8354 3097
8354 3478
8735 3478
8735 3097

8544 3621
8354 3478
8354 3764
8735 3764
8735 3478
§
9035 2112
9035 3764
10058 3764
10058 2112

9546 2623
9035 2112
9035 3135
10058 3135
10058 2112

9546 3449
9035 3135
9035 3764
10058 3764
10058 3135
§
1282 1554
1282 2271
2257 2271
2257 1554

1769 1912
1282 1554
1282 2271
2257 2271
2257 1554
§
2257 1740
2257 2118
4055 2118
4055 1740

2446 1929
2257 1740
2257 2118
2635 2118
2635 1740

2824 1929
2635 1740
2635 2118
3013 2118
3013 1740

3202 1929
3013 1740
3013 2118
3391 2118
3391 1740

3580 1929
3391 1740
3391 2118
3769 2118
3769 1740

3912 1929
3769 1740
3769 2118
4055 2118
4055 1740
§
1282 665
1282 1031
1320 1031
1320 665

1301 684
1282 665
1282 703
1320 703
1320 665

1301 722
1282 703
1282 741
1320 741
1320 703

1301 760
1282 741
1282 779
1320 779
1320 741

1301 798
1282 779
1282 817
1320 817
1320 779

1301 836
1282 817
1282 855
1320 855
1320 817

1301 874
1282 855
1282 893
1320 893
1320 855

1301 912
1282 893
1282 931
1320 931
1320 893

1301 950
1282 931
1282 969
1320 969
1320 931

1301 988
1282 969
1282 1007
1320 1007
1320 969

1301 1019
1282 1007
1282 1031
1320 1031
1320 1007
§
1282 1212
1282 1554
1320 1554
1320 1212

1301 1231
1282 1212
1282 1250
1320 1250
1320 1212

1301 1269
1282 1250
1282 1288
1320 1288
1320 1250

1301 1307
1282 1288
1282 1326
1320 1326
1320 1288

1301 1345
1282 1326
1282 1364
1320 1364
1320 1326

1301 1383
1282 1364
1282 1402
1320 1402
1320 1364

1301 1421
1282 1402
1282 1440
1320 1440
1320 1402

1301 1459
1282 1440
1282 1478
1320 1478
1320 1440

1301 1497
1282 1478
1282 1516
1320 1516
1320 1478

1301 1535
1282 1516
1282 1554
1320 1554
1320 1516
§
1282 2271
1282 2678
1320 2678
1320 2271

1301 2290
1282 2271
1282 2309
1320 2309
1320 2271

1301 2328
1282 2309
1282 2347
1320 2347
1320 2309

1301 2366
1282 2347
1282 2385
1320 2385
1320 2347

1301 2404
1282 2385
1282 2423
1320 2423
1320 2385

1301 2442
1282 2423
1282 2461
1320 2461
1320 2423

1301 2480
1282 2461
1282 2499
1320 2499
1320 2461

1301 2518
1282 2499
1282 2537
1320 2537
1320 2499

1301 2556
1282 2537
1282 2575
1320 2575
1320 2537

1301 2594
1282 2575
1282 2613
1320 2613
1320 2575

1301 2632
1282 2613
1282 2651
1320 2651
1320 2613

1301 2664
1282 2651
1282 2678
1320 2678
1320 2651
§
1282 2859
1282 3167
1320 3167
1320 2859

1301 2878
1282 2859
1282 2897
1320 2897
1320 2859

1301 2916
1282 2897
1282 2935
1320 2935
1320 2897

1301 2954
1282 2935
1282 2973
1320 2973
1320 2935

1301 2992
1282 2973
1282 3011
1320 3011
1320 2973

1301 3030
1282 3011
1282 3049
1320 3049
1320 3011

1301 3068
1282 3049
1282 3087
1320 3087
1320 3049

1301 3106
1282 3087
1282 3125
1320 3125
1320 3087

1301 3146
1282 3125
1282 3167
1320 3167
1320 3125
§
2219 665
2219 740
2257 740
2257 665

2238 684
2219 665
2219 703
2257 703
2257 665

2238 721
2219 703
2219 740
2257 740
2257 703
§
2219 921
2219 1554
2257 1554
2257 921

2238 940
2219 921
2219 959
2257 959
2257 921

2238 978
2219 959
2219 997
2257 997
2257 959

2238 1016
2219 997
2219 1035
2257 1035
2257 997

2238 1054
2219 1035
2219 1073
2257 1073
2257 1035

2238 1092
2219 1073
2219 1111
2257 1111
2257 1073

2238 1130
2219 1111
2219 1149
2257 1149
2257 1111

2238 1168
2219 1149
2219 1187
2257 1187
2257 1149

2238 1206
2219 1187
2219 1225
2257 1225
2257 1187

2238 1244
2219 1225
2219 1263
2257 1263
2257 1225

2238 1282
2219 1263
2219 1301
2257 1301
2257 1263

2238 1320
2219 1301
2219 1339
2257 1339
2257 1301

2238 1358
2219 1339
2219 1377
2257 1377
2257 1339

2238 1396
2219 1377
2219 1415
2257 1415
2257 1377

2238 1434
2219 1415
2219 1453
2257 1453
2257 1415

2238 1472
2219 1453
2219 1491
2257 1491
2257 1453

2238 1510
2219 1491
2219 1529
2257 1529
2257 1491

2238 1541
2219 1529
2219 1554
2257 1554
2257 1529
§
2219 2271
2219 2678
2257 2678
2257 2271

2238 2290
2219 2271
2219 2309
2257 2309
2257 2271

2238 2328
2219 2309
2219 2347
2257 2347
2257 2309

2238 2366
2219 2347
2219 2385
2257 2385
2257 2347

2238 2404
2219 2385
2219 2423
2257 2423
2257 2385

2238 2442
2219 2423
2219 2461
2257 2461
2257 2423

2238 2480
2219 2461
2219 2499
2257 2499
2257 2461

2238 2518
2219 2499
2219 2537
2257 2537
2257 2499

2238 2556
2219 2537
2219 2575
2257 2575
2257 2537

2238 2594
2219 2575
2219 2613
2257 2613
2257 2575

2238 2632
2219 2613
2219 2651
2257 2651
2257 2613

2238 2664
2219 2651
2219 2678
2257 2678
2257 2651
§
2219 2858
2219 3167
2257 3167
2257 2858

2238 2877
2219 2858
2219 2896
2257 2896
2257 2858

2238 2915
2219 2896
2219 2934
2257 2934
2257 2896

2238 2953
2219 2934
2219 2972
2257 2972
2257 2934

2238 2991
2219 2972
2219 3010
2257 3010
2257 2972

2238 3029
2219 3010
2219 3048
2257 3048
2257 3010

2238 3067
2219 3048
2219 3086
2257 3086
2257 3048

2238 3105
2219 3086
2219 3124
2257 3124
2257 3086

2238 3145
2219 3124
2219 3167
2257 3167
2257 3124
§
4017 280
4017 1740
4055 1740
4055 280

4036 299
4017 280
4017 318
4055 318
4055 280

4036 337
4017 318
4017 356
4055 356
4055 318

4036 375
4017 356
4017 394
4055 394
4055 356

4036 413
4017 394
4017 432
4055 432
4055 394

4036 451
4017 432
4017 470
4055 470
4055 432

4036 489
4017 470
4017 508
4055 508
4055 470

4036 527
4017 508
4017 546
4055 546
4055 508

4036 565
4017 546
4017 584
4055 584
4055 546

4036 603
4017 584
4017 622
4055 622
4055 584

4036 641
4017 622
4017 660
4055 660
4055 622

4036 679
4017 660
4017 698
4055 698
4055 660

4036 717
4017 698
4017 736
4055 736
4055 698

4036 755
4017 736
4017 774
4055 774
4055 736

4036 793
4017 774
4017 812
4055 812
4055 774

4036 831
4017 812
4017 850
4055 850
4055 812

4036 869
4017 850
4017 888
4055 888
4055 850

4036 907
4017 888
4017 926
4055 926
4055 888

4036 945
4017 926
4017 964
4055 964
4055 926

4036 983
4017 964
4017 1002
4055 1002
4055 964

4036 1021
4017 1002
4017 1040
4055 1040
4055 1002

4036 1059
4017 1040
4017 1078
4055 1078
4055 1040

4036 1097
4017 1078
4017 1116
4055 1116
4055 1078

4036 1135
4017 1116
4017 1154
4055 1154
4055 1116

4036 1173
4017 1154
4017 1192
4055 1192
4055 1154

4036 1211
4017 1192
4017 1230
4055 1230
4055 1192

4036 1249
4017 1230
4017 1268
4055 1268
4055 1230

4036 1287
4017 1268
4017 1306
4055 1306
4055 1268

4036 1325
4017 1306
4017 1344
4055 1344
4055 1306

4036 1363
4017 1344
4017 1382
4055 1382
4055 1344

4036 1401
4017 1382
4017 1420
4055 1420
4055 1382

4036 1439
4017 1420
4017 1458
4055 1458
4055 1420

4036 1477
4017 1458
4017 1496
4055 1496
4055 1458

4036 1515
4017 1496
4017 1534
4055 1534
4055 1496

4036 1553
4017 1534
4017 1572
4055 1572
4055 1534

4036 1591
4017 1572
4017 1610
4055 1610
4055 1572

4036 1629
4017 1610
4017 1648
4055 1648
4055 1610

4036 1667
4017 1648
4017 1686
4055 1686
4055 1648

4036 1713
4017 1686
4017 1740
4055 1740
4055 1686
§
4017 2118
4017 3550
4055 3550
4055 2118

4036 2137
4017 2118
4017 2156
4055 2156
4055 2118

4036 2175
4017 2156
4017 2194
4055 2194
4055 2156

4036 2213
4017 2194
4017 2232
4055 2232
4055 2194

4036 2251
4017 2232
4017 2270
4055 2270
4055 2232

4036 2289
4017 2270
4017 2308
4055 2308
4055 2270

4036 2327
4017 2308
4017 2346
4055 2346
4055 2308

4036 2365
4017 2346
4017 2384
4055 2384
4055 2346

4036 2403
4017 2384
4017 2422
4055 2422
4055 2384

4036 2441
4017 2422
4017 2460
4055 2460
4055 2422

4036 2479
4017 2460
4017 2498
4055 2498
4055 2460

4036 2517
4017 2498
4017 2536
4055 2536
4055 2498

4036 2555
4017 2536
4017 2574
4055 2574
4055 2536

4036 2593
4017 2574
4017 2612
4055 2612
4055 2574

4036 2631
4017 2612
4017 2650
4055 2650
4055 2612

4036 2669
4017 2650
4017 2688
4055 2688
4055 2650

4036 2707
4017 2688
4017 2726
4055 2726
4055 2688

4036 2745
4017 2726
4017 2764
4055 2764
4055 2726

4036 2783
4017 2764
4017 2802
4055 2802
4055 2764

4036 2821
4017 2802
4017 2840
4055 2840
4055 2802

4036 2859
4017 2840
4017 2878
4055 2878
4055 2840

4036 2897
4017 2878
4017 2916
4055 2916
4055 2878

4036 2935
4017 2916
4017 2954
4055 2954
4055 2916

4036 2973
4017 2954
4017 2992
4055 2992
4055 2954

4036 3011
4017 2992
4017 3030
4055 3030
4055 2992

4036 3049
4017 3030
4017 3068
4055 3068
4055 3030

4036 3087
4017 3068
4017 3106
4055 3106
4055 3068

4036 3125
4017 3106
4017 3144
4055 3144
4055 3106

4036 3163
4017 3144
4017 3182
4055 3182
4055 3144

4036 3201
4017 3182
4017 3220
4055 3220
4055 3182

4036 3239
4017 3220
4017 3258
4055 3258
4055 3220

4036 3277
4017 3258
4017 3296
4055 3296
4055 3258

4036 3315
4017 3296
4017 3334
4055 3334
4055 3296

4036 3353
4017 3334
4017 3372
4055 3372
4055 3334

4036 3391
4017 3372
4017 3410
4055 3410
4055 3372

4036 3429
4017 3410
4017 3448
4055 3448
4055 3410

4036 3467
4017 3448
4017 3486
4055 3486
4055 3448

4036 3505
4017 3486
4017 3524
4055 3524
4055 3486

4036 3537
4017 3524
4017 3550
4055 3550
4055 3524
§
4017 3729
4017 3764
4055 3764
4055 3729

4036 3746
4017 3729
4017 3764
4055 3764
4055 3729
§
2661 1412
2661 1514
2701 1514
2701 1412

2681 1432
2661 1412
2661 1452
2701 1452
2701 1412

2681 1472
2661 1452
2661 1492
2701 1492
2701 1452

2681 1503
2661 1492
2661 1514
2701 1514
2701 1492
§
2661 1695
2661 1740
2701 1740
2701 1695

2681 1717
2661 1695
2661 1740
2701 1740
2701 1695
§
2701 1412
2701 1450
3627 1450
3627 1412

2720 1431
2701 1412
2701 1450
2739 1450
2739 1412

2758 1431
2739 1412
2739 1450
2777 1450
2777 1412

2796 1431
2777 1412
2777 1450
2815 1450
2815 1412

2834 1431
2815 1412
2815 1450
2853 1450
2853 1412

2872 1431
2853 1412
2853 1450
2891 1450
2891 1412

2910 1431
2891 1412
2891 1450
2929 1450
2929 1412

2948 1431
2929 1412
2929 1450
2967 1450
2967 1412

2986 1431
2967 1412
2967 1450
3005 1450
3005 1412

3024 1431
3005 1412
3005 1450
3043 1450
3043 1412

3062 1431
3043 1412
3043 1450
3081 1450
3081 1412

3100 1431
3081 1412
3081 1450
3119 1450
3119 1412

3138 1431
3119 1412
3119 1450
3157 1450
3157 1412

3176 1431
3157 1412
3157 1450
3195 1450
3195 1412

3214 1431
3195 1412
3195 1450
3233 1450
3233 1412

3252 1431
3233 1412
3233 1450
3271 1450
3271 1412

3290 1431
3271 1412
3271 1450
3309 1450
3309 1412

3328 1431
3309 1412
3309 1450
3347 1450
3347 1412

3366 1431
3347 1412
3347 1450
3385 1450
3385 1412

3404 1431
3385 1412
3385 1450
3423 1450
3423 1412

3442 1431
3423 1412
3423 1450
3461 1450
3461 1412

3480 1431
3461 1412
3461 1450
3499 1450
3499 1412

3518 1431
3499 1412
3499 1450
3537 1450
3537 1412

3556 1431
3537 1412
3537 1450
3575 1450
3575 1412

3601 1431
3575 1412
3575 1450
3627 1450
3627 1412
§
3627 1412
3627 1514
3667 1514
3667 1412

3647 1432
3627 1412
3627 1452
3667 1452
3667 1412

3647 1472
3627 1452
3627 1492
3667 1492
3667 1452

3647 1503
3627 1492
3627 1514
3667 1514
3667 1492
§
3627 1695
3627 1740
3667 1740
3667 1695

3647 1717
3627 1695
3627 1740
3667 1740
3667 1695
§
2629 2300
2629 2460
2668 2460
2668 2300

2648 2319
2629 2300
2629 2339
2668 2339
2668 2300

2648 2358
2629 2339
2629 2378
2668 2378
2668 2339

2648 2397
2629 2378
2629 2417
2668 2417
2668 2378

2648 2438
2629 2417
2629 2460
2668 2460
2668 2417
§
2668 2422
2668 2460
3594 2460
3594 2422

2687 2441
2668 2422
2668 2460
2706 2460
2706 2422

2725 2441
2706 2422
2706 2460
2744 2460
2744 2422

2763 2441
2744 2422
2744 2460
2782 2460
2782 2422

2801 2441
2782 2422
2782 2460
2820 2460
2820 2422

2839 2441
2820 2422
2820 2460
2858 2460
2858 2422

2877 2441
2858 2422
2858 2460
2896 2460
2896 2422

2915 2441
2896 2422
2896 2460
2934 2460
2934 2422

2953 2441
2934 2422
2934 2460
2972 2460
2972 2422

2991 2441
2972 2422
2972 2460
3010 2460
3010 2422

3029 2441
3010 2422
3010 2460
3048 2460
3048 2422

3067 2441
3048 2422
3048 2460
3086 2460
3086 2422

3105 2441
3086 2422
3086 2460
3124 2460
3124 2422

3143 2441
3124 2422
3124 2460
3162 2460
3162 2422

3181 2441
3162 2422
3162 2460
3200 2460
3200 2422

3219 2441
3200 2422
3200 2460
3238 2460
3238 2422

3257 2441
3238 2422
3238 2460
3276 2460
3276 2422

3295 2441
3276 2422
3276 2460
3314 2460
3314 2422

3333 2441
3314 2422
3314 2460
3352 2460
3352 2422

3371 2441
3352 2422
3352 2460
3390 2460
3390 2422

3409 2441
3390 2422
3390 2460
3428 2460
3428 2422

3447 2441
3428 2422
3428 2460
3466 2460
3466 2422

3485 2441
3466 2422
3466 2460
3504 2460
3504 2422

3523 2441
3504 2422
3504 2460
3542 2460
3542 2422

3568 2441
3542 2422
3542 2460
3594 2460
3594 2422
§
3594 2300
3594 2460
3633 2460
3633 2300

3613 2319
3594 2300
3594 2339
3633 2339
3633 2300

3613 2358
3594 2339
3594 2378
3633 2378
3633 2339

3613 2397
3594 2378
3594 2417
3633 2417
3633 2378

3613 2438
3594 2417
3594 2460
3633 2460
3633 2417
§
4055 326
4055 364
4896 364
4896 326

4074 345
4055 326
4055 364
4093 364
4093 326

4112 345
4093 326
4093 364
4131 364
4131 326

4150 345
4131 326
4131 364
4169 364
4169 326

4188 345
4169 326
4169 364
4207 364
4207 326

4226 345
4207 326
4207 364
4245 364
4245 326

4264 345
4245 326
4245 364
4283 364
4283 326

4302 345
4283 326
4283 364
4321 364
4321 326

4340 345
4321 326
4321 364
4359 364
4359 326

4378 345
4359 326
4359 364
4397 364
4397 326

4416 345
4397 326
4397 364
4435 364
4435 326

4454 345
4435 326
4435 364
4473 364
4473 326

4492 345
4473 326
4473 364
4511 364
4511 326

4530 345
4511 326
4511 364
4549 364
4549 326

4568 345
4549 326
4549 364
4587 364
4587 326

4606 345
4587 326
4587 364
4625 364
4625 326

4644 345
4625 326
4625 364
4663 364
4663 326

4682 345
4663 326
4663 364
4701 364
4701 326

4720 345
4701 326
4701 364
4739 364
4739 326

4758 345
4739 326
4739 364
4777 364
4777 326

4796 345
4777 326
4777 364
4815 364
4815 326

4834 345
4815 326
4815 364
4853 364
4853 326

4874 345
4853 326
4853 364
4896 364
4896 326
§
5075 326
5075 364
5967 364
5967 326

5094 345
5075 326
5075 364
5113 364
5113 326

5132 345
5113 326
5113 364
5151 364
5151 326

5170 345
5151 326
5151 364
5189 364
5189 326

5208 345
5189 326
5189 364
5227 364
5227 326

5246 345
5227 326
5227 364
5265 364
5265 326

5284 345
5265 326
5265 364
5303 364
5303 326

5322 345
5303 326
5303 364
5341 364
5341 326

5360 345
5341 326
5341 364
5379 364
5379 326

5398 345
5379 326
5379 364
5417 364
5417 326

5436 345
5417 326
5417 364
5455 364
5455 326

5474 345
5455 326
5455 364
5493 364
5493 326

5512 345
5493 326
5493 364
5531 364
5531 326

5550 345
5531 326
5531 364
5569 364
5569 326

5588 345
5569 326
5569 364
5607 364
5607 326

5626 345
5607 326
5607 364
5645 364
5645 326

5664 345
5645 326
5645 364
5683 364
5683 326

5702 345
5683 326
5683 364
5721 364
5721 326

5740 345
5721 326
5721 364
5759 364
5759 326

5778 345
5759 326
5759 364
5797 364
5797 326

5816 345
5797 326
5797 364
5835 364
5835 326

5854 345
5835 326
5835 364
5873 364
5873 326

5892 345
5873 326
5873 364
5911 364
5911 326

5939 345
5911 326
5911 364
5967 364
5967 326
§
4055 3483
4055 3521
4896 3521
4896 3483

4074 3502
4055 3483
4055 3521
4093 3521
4093 3483

4112 3502
4093 3483
4093 3521
4131 3521
4131 3483

4150 3502
4131 3483
4131 3521
4169 3521
4169 3483

4188 3502
4169 3483
4169 3521
4207 3521
4207 3483

4226 3502
4207 3483
4207 3521
4245 3521
4245 3483

4264 3502
4245 3483
4245 3521
4283 3521
4283 3483

4302 3502
4283 3483
4283 3521
4321 3521
4321 3483

4340 3502
4321 3483
4321 3521
4359 3521
4359 3483

4378 3502
4359 3483
4359 3521
4397 3521
4397 3483

4416 3502
4397 3483
4397 3521
4435 3521
4435 3483

4454 3502
4435 3483
4435 3521
4473 3521
4473 3483

4492 3502
4473 3483
4473 3521
4511 3521
4511 3483

4530 3502
4511 3483
4511 3521
4549 3521
4549 3483

4568 3502
4549 3483
4549 3521
4587 3521
4587 3483

4606 3502
4587 3483
4587 3521
4625 3521
4625 3483

4644 3502
4625 3483
4625 3521
4663 3521
4663 3483

4682 3502
4663 3483
4663 3521
4701 3521
4701 3483

4720 3502
4701 3483
4701 3521
4739 3521
4739 3483

4758 3502
4739 3483
4739 3521
4777 3521
4777 3483

4796 3502
4777 3483
4777 3521
4815 3521
4815 3483

4834 3502
4815 3483
4815 3521
4853 3521
4853 3483

4874 3502
4853 3483
4853 3521
4896 3521
4896 3483
§
5075 3483
5075 3521
5967 3521
5967 3483

5094 3502
5075 3483
5075 3521
5113 3521
5113 3483

5132 3502
5113 3483
5113 3521
5151 3521
5151 3483

5170 3502
5151 3483
5151 3521
5189 3521
5189 3483

5208 3502
5189 3483
5189 3521
5227 3521
5227 3483

5246 3502
5227 3483
5227 3521
5265 3521
5265 3483

5284 3502
5265 3483
5265 3521
5303 3521
5303 3483

5322 3502
5303 3483
5303 3521
5341 3521
5341 3483

5360 3502
5341 3483
5341 3521
5379 3521
5379 3483

5398 3502
5379 3483
5379 3521
5417 3521
5417 3483

5436 3502
5417 3483
5417 3521
5455 3521
5455 3483

5474 3502
5455 3483
5455 3521
5493 3521
5493 3483

5512 3502
5493 3483
5493 3521
5531 3521
5531 3483

5550 3502
5531 3483
5531 3521
5569 3521
5569 3483

5588 3502
5569 3483
5569 3521
5607 3521
5607 3483

5626 3502
5607 3483
5607 3521
5645 3521
5645 3483

5664 3502
5645 3483
5645 3521
5683 3521
5683 3483

5702 3502
5683 3483
5683 3521
5721 3521
5721 3483

5740 3502
5721 3483
5721 3521
5759 3521
5759 3483

5778 3502
5759 3483
5759 3521
5797 3521
5797 3483

5816 3502
5797 3483
5797 3521
5835 3521
5835 3483

5854 3502
5835 3483
5835 3521
5873 3521
5873 3483

5892 3502
5873 3483
5873 3521
5911 3521
5911 3483

5939 3502
5911 3483
5911 3521
5967 3521
5967 3483
§
5967 101
5967 1841
6005 1841
6005 101

5986 120
5967 101
5967 139
6005 139
6005 101

5986 158
5967 139
5967 177
6005 177
6005 139

5986 196
5967 177
5967 215
6005 215
6005 177

5986 234
5967 215
5967 253
6005 253
6005 215

5986 272
5967 253
5967 291
6005 291
6005 253

5986 310
5967 291
5967 329
6005 329
6005 291

5986 348
5967 329
5967 367
6005 367
6005 329

5986 386
5967 367
5967 405
6005 405
6005 367

5986 424
5967 405
5967 443
6005 443
6005 405

5986 462
5967 443
5967 481
6005 481
6005 443

5986 500
5967 481
5967 519
6005 519
6005 481

5986 538
5967 519
5967 557
6005 557
6005 519

5986 576
5967 557
5967 595
6005 595
6005 557

5986 614
5967 595
5967 633
6005 633
6005 595

5986 652
5967 633
5967 671
6005 671
6005 633

5986 690
5967 671
5967 709
6005 709
6005 671

5986 728
5967 709
5967 747
6005 747
6005 709

5986 766
5967 747
5967 785
6005 785
6005 747

5986 804
5967 785
5967 823
6005 823
6005 785

5986 842
5967 823
5967 861
6005 861
6005 823

5986 880
5967 861
5967 899
6005 899
6005 861

5986 918
5967 899
5967 937
6005 937
6005 899

5986 956
5967 937
5967 975
6005 975
6005 937

5986 994
5967 975
5967 1013
6005 1013
6005 975

5986 1032
5967 1013
5967 1051
6005 1051
6005 1013

5986 1070
5967 1051
5967 1089
6005 1089
6005 1051

5986 1108
5967 1089
5967 1127
6005 1127
6005 1089

5986 1146
5967 1127
5967 1165
6005 1165
6005 1127

5986 1184
5967 1165
5967 1203
6005 1203
6005 1165

5986 1222
5967 1203
5967 1241
6005 1241
6005 1203

5986 1260
5967 1241
5967 1279
6005 1279
6005 1241

5986 1298
5967 1279
5967 1317
6005 1317
6005 1279

5986 1336
5967 1317
5967 1355
6005 1355
6005 1317

5986 1374
5967 1355
5967 1393
6005 1393
6005 1355

5986 1412
5967 1393
5967 1431
6005 1431
6005 1393

5986 1450
5967 1431
5967 1469
6005 1469
6005 1431

5986 1488
5967 1469
5967 1507
6005 1507
6005 1469

5986 1526
5967 1507
5967 1545
6005 1545
6005 1507

5986 1564
5967 1545
5967 1583
6005 1583
6005 1545

5986 1602
5967 1583
5967 1621
6005 1621
6005 1583

5986 1640
5967 1621
5967 1659
6005 1659
6005 1621

5986 1678
5967 1659
5967 1697
6005 1697
6005 1659

5986 1716
5967 1697
5967 1735
6005 1735
6005 1697

5986 1754
5967 1735
5967 1773
6005 1773
6005 1735

5986 1792
5967 1773
5967 1811
6005 1811
6005 1773

5986 1826
5967 1811
5967 1841
6005 1841
6005 1811
§
5967 2023
5967 3764
6005 3764
6005 2023

5986 2042
5967 2023
5967 2061
6005 2061
6005 2023

5986 2080
5967 2061
5967 2099
6005 2099
6005 2061

5986 2118
5967 2099
5967 2137
6005 2137
6005 2099

5986 2156
5967 2137
5967 2175
6005 2175
6005 2137

5986 2194
5967 2175
5967 2213
6005 2213
6005 2175

5986 2232
5967 2213
5967 2251
6005 2251
6005 2213

5986 2270
5967 2251
5967 2289
6005 2289
6005 2251

5986 2308
5967 2289
5967 2327
6005 2327
6005 2289

5986 2346
5967 2327
5967 2365
6005 2365
6005 2327

5986 2384
5967 2365
5967 2403
6005 2403
6005 2365

5986 2422
5967 2403
5967 2441
6005 2441
6005 2403

5986 2460
5967 2441
5967 2479
6005 2479
6005 2441

5986 2498
5967 2479
5967 2517
6005 2517
6005 2479

5986 2536
5967 2517
5967 2555
6005 2555
6005 2517

5986 2574
5967 2555
5967 2593
6005 2593
6005 2555

5986 2612
5967 2593
5967 2631
6005 2631
6005 2593

5986 2650
5967 2631
5967 2669
6005 2669
6005 2631

5986 2688
5967 2669
5967 2707
6005 2707
6005 2669

5986 2726
5967 2707
5967 2745
6005 2745
6005 2707

5986 2764
5967 2745
5967 2783
6005 2783
6005 2745

5986 2802
5967 2783
5967 2821
6005 2821
6005 2783

5986 2840
5967 2821
5967 2859
6005 2859
6005 2821

5986 2878
5967 2859
5967 2897
6005 2897
6005 2859

5986 2916
5967 2897
5967 2935
6005 2935
6005 2897

5986 2954
5967 2935
5967 2973
6005 2973
6005 2935

5986 2992
5967 2973
5967 3011
6005 3011
6005 2973

5986 3030
5967 3011
5967 3049
6005 3049
6005 3011

5986 3068
5967 3049
5967 3087
6005 3087
6005 3049

5986 3106
5967 3087
5967 3125
6005 3125
6005 3087

5986 3144
5967 3125
5967 3163
6005 3163
6005 3125

5986 3182
5967 3163
5967 3201
6005 3201
6005 3163

5986 3220
5967 3201
5967 3239
6005 3239
6005 3201

5986 3258
5967 3239
5967 3277
6005 3277
6005 3239

5986 3296
5967 3277
5967 3315
6005 3315
6005 3277

5986 3334
5967 3315
5967 3353
6005 3353
6005 3315

5986 3372
5967 3353
5967 3391
6005 3391
6005 3353

5986 3410
5967 3391
5967 3429
6005 3429
6005 3391

5986 3448
5967 3429
5967 3467
6005 3467
6005 3429

5986 3486
5967 3467
5967 3505
6005 3505
6005 3467

5986 3524
5967 3505
5967 3543
6005 3543
6005 3505

5986 3562
5967 3543
5967 3581
6005 3581
6005 3543

5986 3600
5967 3581
5967 3619
6005 3619
6005 3581

5986 3638
5967 3619
5967 3657
6005 3657
6005 3619

5986 3676
5967 3657
5967 3695
6005 3695
6005 3657

5986 3714
5967 3695
5967 3733
6005 3733
6005 3695

5986 3748
5967 3733
5967 3764
6005 3764
6005 3733
§
6005 472
6005 510
6464 510
6464 472

6024 491
6005 472
6005 510
6043 510
6043 472

6062 491
6043 472
6043 510
6081 510
6081 472

6100 491
6081 472
6081 510
6119 510
6119 472

6138 491
6119 472
6119 510
6157 510
6157 472

6176 491
6157 472
6157 510
6195 510
6195 472

6214 491
6195 472
6195 510
6233 510
6233 472

6252 491
6233 472
6233 510
6271 510
6271 472

6290 491
6271 472
6271 510
6309 510
6309 472

6328 491
6309 472
6309 510
6347 510
6347 472

6366 491
6347 472
6347 510
6385 510
6385 472

6404 491
6385 472
6385 510
6423 510
6423 472

6443 491
6423 472
6423 510
6464 510
6464 472
§
6464 472
6464 569
6502 569
6502 472

6483 491
6464 472
6464 510
6502 510
6502 472

6483 529
6464 510
6464 548
6502 548
6502 510

6483 558
6464 548
6464 569
6502 569
6502 548
§
6464 748
6464 988
6502 988
6502 748

6483 767
6464 748
6464 786
6502 786
6502 748

6483 805
6464 786
6464 824
6502 824
6502 786

6483 843
6464 824
6464 862
6502 862
6502 824

6483 881
6464 862
6464 900
6502 900
6502 862

6483 919
6464 900
6464 938
6502 938
6502 900

6483 963
6464 938
6464 988
6502 988
6502 938
§
6005 892
6005 930
6139 930
6139 892

6024 911
6005 892
6005 930
6043 930
6043 892

6062 911
6043 892
6043 930
6081 930
6081 892

6100 911
6081 892
6081 930
6119 930
6119 892

6129 911
6119 892
6119 930
6139 930
6139 892
§
6327 892
6327 930
6464 930
6464 892

6346 911
6327 892
6327 930
6365 930
6365 892

6384 911
6365 892
6365 930
6403 930
6403 892

6422 911
6403 892
6403 930
6441 930
6441 892

6452 911
6441 892
6441 930
6464 930
6464 892
§
6464 1169
6464 1772
6502 1772
6502 1169

6483 1188
6464 1169
6464 1207
6502 1207
6502 1169

6483 1226
6464 1207
6464 1245
6502 1245
6502 1207

6483 1264
6464 1245
6464 1283
6502 1283
6502 1245

6483 1302
6464 1283
6464 1321
6502 1321
6502 1283

6483 1340
6464 1321
6464 1359
6502 1359
6502 1321

6483 1378
6464 1359
6464 1397
6502 1397
6502 1359

6483 1416
6464 1397
6464 1435
6502 1435
6502 1397

6483 1454
6464 1435
6464 1473
6502 1473
6502 1435

6483 1492
6464 1473
6464 1511
6502 1511
6502 1473

6483 1530
6464 1511
6464 1549
6502 1549
6502 1511

6483 1568
6464 1549
6464 1587
6502 1587
6502 1549

6483 1606
6464 1587
6464 1625
6502 1625
6502 1587

6483 1644
6464 1625
6464 1663
6502 1663
6502 1625

6483 1682
6464 1663
6464 1701
6502 1701
6502 1663

6483 1720
6464 1701
6464 1739
6502 1739
6502 1701

6483 1755
6464 1739
6464 1772
6502 1772
6502 1739
§
6005 1352
6005 1390
6115 1390
6115 1352

6024 1371
6005 1352
6005 1390
6043 1390
6043 1352

6062 1371
6043 1352
6043 1390
6081 1390
6081 1352

6098 1371
6081 1352
6081 1390
6115 1390
6115 1352
§
6295 1352
6295 1390
6464 1390
6464 1352

6314 1371
6295 1352
6295 1390
6333 1390
6333 1352

6352 1371
6333 1352
6333 1390
6371 1390
6371 1352

6390 1371
6371 1352
6371 1390
6409 1390
6409 1352

6436 1371
6409 1352
6409 1390
6464 1390
6464 1352
§
6005 1734
6005 1772
6464 1772
6464 1734

6024 1753
6005 1734
6005 1772
6043 1772
6043 1734

6062 1753
6043 1734
6043 1772
6081 1772
6081 1734

6100 1753
6081 1734
6081 1772
6119 1772
6119 1734

6138 1753
6119 1734
6119 1772
6157 1772
6157 1734

6176 1753
6157 1734
6157 1772
6195 1772
6195 1734

6214 1753
6195 1734
6195 1772
6233 1772
6233 1734

6252 1753
6233 1734
6233 1772
6271 1772
6271 1734

6290 1753
6271 1734
6271 1772
6309 1772
6309 1734

6328 1753
6309 1734
6309 1772
6347 1772
6347 1734

6366 1753
6347 1734
6347 1772
6385 1772
6385 1734

6404 1753
6385 1734
6385 1772
6423 1772
6423 1734

6443 1753
6423 1734
6423 1772
6464 1772
6464 1734
§
6644 270
6644 308
7178 308
7178 270

6663 289
6644 270
6644 308
6682 308
6682 270

6701 289
6682 270
6682 308
6720 308
6720 270

6739 289
6720 270
6720 308
6758 308
6758 270

6777 289
6758 270
6758 308
6796 308
6796 270

6815 289
6796 270
6796 308
6834 308
6834 270

6853 289
6834 270
6834 308
6872 308
6872 270

6891 289
6872 270
6872 308
6910 308
6910 270

6929 289
6910 270
6910 308
6948 308
6948 270

6967 289
6948 270
6948 308
6986 308
6986 270

7005 289
6986 270
6986 308
7024 308
7024 270

7043 289
7024 270
7024 308
7062 308
7062 270

7081 289
7062 270
7062 308
7100 308
7100 270

7119 289
7100 270
7100 308
7138 308
7138 270

7158 289
7138 270
7138 308
7178 308
7178 270
§
7357 270
7357 308
7680 308
7680 270

7376 289
7357 270
7357 308
7395 308
7395 270

7414 289
7395 270
7395 308
7433 308
7433 270

7452 289
7433 270
7433 308
7471 308
7471 270

7490 289
7471 270
7471 308
7509 308
7509 270

7528 289
7509 270
7509 308
7547 308
7547 270

7566 289
7547 270
7547 308
7585 308
7585 270

7604 289
7585 270
7585 308
7623 308
7623 270

7642 289
7623 270
7623 308
7661 308
7661 270

7670 289
7661 270
7661 308
7680 308
7680 270
§
7859 270
7859 308
8070 308
8070 270

7878 289
7859 270
7859 308
7897 308
7897 270

7916 289
7897 270
7897 308
7935 308
7935 270

7954 289
7935 270
7935 308
7973 308
7973 270

7992 289
7973 270
7973 308
8011 308
8011 270

8030 289
8011 270
8011 308
8049 308
8049 270

8059 289
8049 270
8049 308
8070 308
8070 270
§
6644 308
6644 571
6682 571
6682 308

6663 327
6644 308
6644 346
6682 346
6682 308

6663 365
6644 346
6644 384
6682 384
6682 346

6663 403
6644 384
6644 422
6682 422
6682 384

6663 441
6644 422
6644 460
6682 460
6682 422

6663 479
6644 460
6644 498
6682 498
6682 460

6663 517
6644 498
6644 536
6682 536
6682 498

6663 553
6644 536
6644 571
6682 571
6682 536
§
6992 308
6992 587
7030 587
7030 308

7011 327
6992 308
6992 346
7030 346
7030 308

7011 365
6992 346
6992 384
7030 384
7030 346

7011 403
6992 384
6992 422
7030 422
7030 384

7011 441
6992 422
6992 460
7030 460
7030 422

7011 479
6992 460
6992 498
7030 498
7030 460

7011 517
6992 498
6992 536
7030 536
7030 498

7011 561
6992 536
6992 587
7030 587
7030 536
§
6682 482
6682 520
6992 520
6992 482

6701 501
6682 482
6682 520
6720 520
6720 482

6739 501
6720 482
6720 520
6758 520
6758 482

6777 501
6758 482
6758 520
6796 520
6796 482

6815 501
6796 482
6796 520
6834 520
6834 482

6853 501
6834 482
6834 520
6872 520
6872 482

6891 501
6872 482
6872 520
6910 520
6910 482

6929 501
6910 482
6910 520
6948 520
6948 482

6970 501
6948 482
6948 520
6992 520
6992 482
§
7030 482
7030 520
7151 520
7151 482

7049 501
7030 482
7030 520
7068 520
7068 482

7087 501
7068 482
7068 520
7106 520
7106 482

7128 501
7106 482
7106 520
7151 520
7151 482
§
7512 308
7512 992
7550 992
7550 308

7531 327
7512 308
7512 346
7550 346
7550 308

7531 365
7512 346
7512 384
7550 384
7550 346

7531 403
7512 384
7512 422
7550 422
7550 384

7531 441
7512 422
7512 460
7550 460
7550 422

7531 479
7512 460
7512 498
7550 498
7550 460

7531 517
7512 498
7512 536
7550 536
7550 498

7531 555
7512 536
7512 574
7550 574
7550 536

7531 593
7512 574
7512 612
7550 612
7550 574

7531 631
7512 612
7512 650
7550 650
7550 612

7531 669
7512 650
7512 688
7550 688
7550 650

7531 707
7512 688
7512 726
7550 726
7550 688

7531 745
7512 726
7512 764
7550 764
7550 726

7531 783
7512 764
7512 802
7550 802
7550 764

7531 821
7512 802
7512 840
7550 840
7550 802

7531 859
7512 840
7512 878
7550 878
7550 840

7531 897
7512 878
7512 916
7550 916
7550 878

7531 935
7512 916
7512 954
7550 954
7550 916

7531 973
7512 954
7512 992
7550 992
7550 954
§
8032 308
8032 869
8070 869
8070 308

8051 327
8032 308
8032 346
8070 346
8070 308

8051 365
8032 346
8032 384
8070 384
8070 346

8051 403
8032 384
8032 422
8070 422
8070 384

8051 441
8032 422
8032 460
8070 460
8070 422

8051 479
8032 460
8032 498
8070 498
8070 460

8051 517
8032 498
8032 536
8070 536
8070 498

8051 555
8032 536
8032 574
8070 574
8070 536

8051 593
8032 574
8032 612
8070 612
8070 574

8051 631
8032 612
8032 650
8070 650
8070 612

8051 669
8032 650
8032 688
8070 688
8070 650

8051 707
8032 688
8032 726
8070 726
8070 688

8051 745
8032 726
8032 764
8070 764
8070 726

8051 783
8032 764
8032 802
8070 802
8070 764

8051 821
8032 802
8032 840
8070 840
8070 802

8051 854
8032 840
8032 869
8070 869
8070 840
§
7330 482
7330 520
7512 520
7512 482

7349 501
7330 482
7330 520
7368 520
7368 482

7387 501
7368 482
7368 520
7406 520
7406 482

7425 501
7406 482
7406 520
7444 520
7444 482

7463 501
7444 482
7444 520
7482 520
7482 482

7497 501
7482 482
7482 520
7512 520
7512 482
§
7550 482
7550 520
7688 520
7688 482

7569 501
7550 482
7550 520
7588 520
7588 482

7607 501
7588 482
7588 520
7626 520
7626 482

7645 501
7626 482
7626 520
7664 520
7664 482

7676 501
7664 482
7664 520
7688 520
7688 482
§
7868 482
7868 520
8032 520
8032 482

7887 501
7868 482
7868 520
7906 520
7906 482

7925 501
7906 482
7906 520
7944 520
7944 482

7963 501
7944 482
7944 520
7982 520
7982 482

8007 501
7982 482
7982 520
8032 520
8032 482
§
6644 752
6644 1251
6682 1251
6682 752

6663 771
6644 752
6644 790
6682 790
6682 752

6663 809
6644 790
6644 828
6682 828
6682 790

6663 847
6644 828
6644 866
6682 866
6682 828

6663 885
6644 866
6644 904
6682 904
6682 866

6663 923
6644 904
6644 942
6682 942
6682 904

6663 961
6644 942
6644 980
6682 980
6682 942

6663 999
6644 980
6644 1018
6682 1018
6682 980

6663 1037
6644 1018
6644 1056
6682 1056
6682 1018

6663 1075
6644 1056
6644 1094
6682 1094
6682 1056

6663 1113
6644 1094
6644 1132
6682 1132
6682 1094

6663 1151
6644 1132
6644 1170
6682 1170
6682 1132

6663 1189
6644 1170
6644 1208
6682 1208
6682 1170

6663 1229
6644 1208
6644 1251
6682 1251
6682 1208
§
6682 869
6682 907
6756 907
6756 869

6701 888
6682 869
6682 907
6720 907
6720 869

6738 888
6720 869
6720 907
6756 907
6756 869
§
6682 1213
6682 1251
6724 1251
6724 1213

6703 1232
6682 1213
6682 1251
6724 1251
6724 1213
§
6935 869
6935 907
7133 907
7133 869

6954 888
6935 869
6935 907
6973 907
6973 869

6992 888
6973 869
6973 907
7011 907
7011 869

7030 888
7011 869
7011 907
7049 907
7049 869

7068 888
7049 869
7049 907
7087 907
7087 869

7110 888
7087 869
7087 907
7133 907
7133 869
§
6992 768
6992 869
7030 869
7030 768

7011 787
6992 768
6992 806
7030 806
7030 768

7011 825
6992 806
6992 844
7030 844
7030 806

7011 856
6992 844
6992 869
7030 869
7030 844
§
6992 907
6992 1213
7030 1213
7030 907

7011 926
6992 907
6992 945
7030 945
7030 907

7011 964
6992 945
6992 983
7030 983
7030 945

7011 1002
6992 983
6992 1021
7030 1021
7030 983

7011 1040
6992 1021
6992 1059
7030 1059
7030 1021

7011 1078
6992 1059
6992 1097
7030 1097
7030 1059

7011 1116
6992 1097
6992 1135
7030 1135
7030 1097

7011 1154
6992 1135
6992 1173
7030 1173
7030 1135

7011 1193
6992 1173
6992 1213
7030 1213
7030 1173
§
6903 1213
6903 1251
7512 1251
7512 1213

6922 1232
6903 1213
6903 1251
6941 1251
6941 1213

6960 1232
6941 1213
6941 1251
6979 1251
6979 1213

6998 1232
6979 1213
6979 1251
7017 1251
7017 1213

7036 1232
7017 1213
7017 1251
7055 1251
7055 1213

7074 1232
7055 1213
7055 1251
7093 1251
7093 1213

7112 1232
7093 1213
7093 1251
7131 1251
7131 1213

7150 1232
7131 1213
7131 1251
7169 1251
7169 1213

7188 1232
7169 1213
7169 1251
7207 1251
7207 1213

7226 1232
7207 1213
7207 1251
7245 1251
7245 1213

7264 1232
7245 1213
7245 1251
7283 1251
7283 1213

7302 1232
7283 1213
7283 1251
7321 1251
7321 1213

7340 1232
7321 1213
7321 1251
7359 1251
7359 1213

7378 1232
7359 1213
7359 1251
7397 1251
7397 1213

7416 1232
7397 1213
7397 1251
7435 1251
7435 1213

7454 1232
7435 1213
7435 1251
7473 1251
7473 1213

7492 1232
7473 1213
7473 1251
7512 1251
7512 1213
§
7512 1171
7512 1251
7550 1251
7550 1171

7531 1190
7512 1171
7512 1209
7550 1209
7550 1171

7531 1230
7512 1209
7512 1251
7550 1251
7550 1209
§
7312 869
7312 907
7512 907
7512 869

7331 888
7312 869
7312 907
7350 907
7350 869

7369 888
7350 869
7350 907
7388 907
7388 869

7407 888
7388 869
7388 907
7426 907
7426 869

7445 888
7426 869
7426 907
7464 907
7464 869

7488 888
7464 869
7464 907
7512 907
7512 869
§
7550 869
7550 907
7817 907
7817 869

7569 888
7550 869
7550 907
7588 907
7588 869

7607 888
7588 869
7588 907
7626 907
7626 869

7645 888
7626 869
7626 907
7664 907
7664 869

7683 888
7664 869
7664 907
7702 907
7702 869

7721 888
7702 869
7702 907
7740 907
7740 869

7759 888
7740 869
7740 907
7778 907
7778 869

7797 888
7778 869
7778 907
7817 907
7817 869
§
7997 869
7997 907
8070 907
8070 869

8016 888
7997 869
7997 907
8035 907
8035 869

8052 888
8035 869
8035 907
8070 907
8070 869
§
6502 1352
6502 1390
6681 1390
6681 1352

6521 1371
6502 1352
6502 1390
6540 1390
6540 1352

6559 1371
6540 1352
6540 1390
6578 1390
6578 1352

6597 1371
6578 1352
6578 1390
6616 1390
6616 1352

6635 1371
6616 1352
6616 1390
6654 1390
6654 1352

6667 1371
6654 1352
6654 1390
6681 1390
6681 1352
§
6502 1734
6502 1772
6682 1772
6682 1734

6521 1753
6502 1734
6502 1772
6540 1772
6540 1734

6559 1753
6540 1734
6540 1772
6578 1772
6578 1734

6597 1753
6578 1734
6578 1772
6616 1772
6616 1734

6635 1753
6616 1734
6616 1772
6654 1772
6654 1734

6668 1753
6654 1734
6654 1772
6682 1772
6682 1734
§
6860 1352
6860 1390
7528 1390
7528 1352

6879 1371
6860 1352
6860 1390
6898 1390
6898 1352

6917 1371
6898 1352
6898 1390
6936 1390
6936 1352

6955 1371
6936 1352
6936 1390
6974 1390
6974 1352

6993 1371
6974 1352
6974 1390
7012 1390
7012 1352

7031 1371
7012 1352
7012 1390
7050 1390
7050 1352

7069 1371
7050 1352
7050 1390
7088 1390
7088 1352

7107 1371
7088 1352
7088 1390
7126 1390
7126 1352

7145 1371
7126 1352
7126 1390
7164 1390
7164 1352

7183 1371
7164 1352
7164 1390
7202 1390
7202 1352

7221 1371
7202 1352
7202 1390
7240 1390
7240 1352

7259 1371
7240 1352
7240 1390
7278 1390
7278 1352

7297 1371
7278 1352
7278 1390
7316 1390
7316 1352

7335 1371
7316 1352
7316 1390
7354 1390
7354 1352

7373 1371
7354 1352
7354 1390
7392 1390
7392 1352

7411 1371
7392 1352
7392 1390
7430 1390
7430 1352

7449 1371
7430 1352
7430 1390
7468 1390
7468 1352

7487 1371
7468 1352
7468 1390
7506 1390
7506 1352

7517 1371
7506 1352
7506 1390
7528 1390
7528 1352
§
7528 1352
7528 1461
7566 1461
7566 1352

7547 1371
7528 1352
7528 1390
7566 1390
7566 1352

7547 1409
7528 1390
7528 1428
7566 1428
7566 1390

7547 1444
7528 1428
7528 1461
7566 1461
7566 1428
§
7008 1390
7008 1462
7046 1462
7046 1390

7027 1409
7008 1390
7008 1428
7046 1428
7046 1390

7027 1445
7008 1428
7008 1462
7046 1462
7046 1428
§
6861 1734
6861 1772
7744 1772
7744 1734

6880 1753
6861 1734
6861 1772
6899 1772
6899 1734

6918 1753
6899 1734
6899 1772
6937 1772
6937 1734

6956 1753
6937 1734
6937 1772
6975 1772
6975 1734

6994 1753
6975 1734
6975 1772
7013 1772
7013 1734

7032 1753
7013 1734
7013 1772
7051 1772
7051 1734

7070 1753
7051 1734
7051 1772
7089 1772
7089 1734

7108 1753
7089 1734
7089 1772
7127 1772
7127 1734

7146 1753
7127 1734
7127 1772
7165 1772
7165 1734

7184 1753
7165 1734
7165 1772
7203 1772
7203 1734

7222 1753
7203 1734
7203 1772
7241 1772
7241 1734

7260 1753
7241 1734
7241 1772
7279 1772
7279 1734

7298 1753
7279 1734
7279 1772
7317 1772
7317 1734

7336 1753
7317 1734
7317 1772
7355 1772
7355 1734

7374 1753
7355 1734
7355 1772
7393 1772
7393 1734

7412 1753
7393 1734
7393 1772
7431 1772
7431 1734

7450 1753
7431 1734
7431 1772
7469 1772
7469 1734

7488 1753
7469 1734
7469 1772
7507 1772
7507 1734

7526 1753
7507 1734
7507 1772
7545 1772
7545 1734

7564 1753
7545 1734
7545 1772
7583 1772
7583 1734

7602 1753
7583 1734
7583 1772
7621 1772
7621 1734

7640 1753
7621 1734
7621 1772
7659 1772
7659 1734

7678 1753
7659 1734
7659 1772
7697 1772
7697 1734

7720 1753
7697 1734
7697 1772
7744 1772
7744 1734
§
7008 1642
7008 1734
7046 1734
7046 1642

7027 1661
7008 1642
7008 1680
7046 1680
7046 1642

7027 1707
7008 1680
7008 1734
7046 1734
7046 1680
§
7528 1644
7528 1734
7566 1734
7566 1644

7547 1663
7528 1644
7528 1682
7566 1682
7566 1644

7547 1708
7528 1682
7528 1734
7566 1734
7566 1682
§
6005 2082
6005 2120
6680 2120
6680 2082

6024 2101
6005 2082
6005 2120
6043 2120
6043 2082

6062 2101
6043 2082
6043 2120
6081 2120
6081 2082

6100 2101
6081 2082
6081 2120
6119 2120
6119 2082

6138 2101
6119 2082
6119 2120
6157 2120
6157 2082

6176 2101
6157 2082
6157 2120
6195 2120
6195 2082

6214 2101
6195 2082
6195 2120
6233 2120
6233 2082

6252 2101
6233 2082
6233 2120
6271 2120
6271 2082

6290 2101
6271 2082
6271 2120
6309 2120
6309 2082

6328 2101
6309 2082
6309 2120
6347 2120
6347 2082

6366 2101
6347 2082
6347 2120
6385 2120
6385 2082

6404 2101
6385 2082
6385 2120
6423 2120
6423 2082

6442 2101
6423 2082
6423 2120
6461 2120
6461 2082

6480 2101
6461 2082
6461 2120
6499 2120
6499 2082

6518 2101
6499 2082
6499 2120
6537 2120
6537 2082

6556 2101
6537 2082
6537 2120
6575 2120
6575 2082

6594 2101
6575 2082
6575 2120
6613 2120
6613 2082

6632 2101
6613 2082
6613 2120
6651 2120
6651 2082

6665 2101
6651 2082
6651 2120
6680 2120
6680 2082
§
6862 2082
6862 2120
7744 2120
7744 2082

6881 2101
6862 2082
6862 2120
6900 2120
6900 2082

6919 2101
6900 2082
6900 2120
6938 2120
6938 2082

6957 2101
6938 2082
6938 2120
6976 2120
6976 2082

6995 2101
6976 2082
6976 2120
7014 2120
7014 2082

7033 2101
7014 2082
7014 2120
7052 2120
7052 2082

7071 2101
7052 2082
7052 2120
7090 2120
7090 2082

7109 2101
7090 2082
7090 2120
7128 2120
7128 2082

7147 2101
7128 2082
7128 2120
7166 2120
7166 2082

7185 2101
7166 2082
7166 2120
7204 2120
7204 2082

7223 2101
7204 2082
7204 2120
7242 2120
7242 2082

7261 2101
7242 2082
7242 2120
7280 2120
7280 2082

7299 2101
7280 2082
7280 2120
7318 2120
7318 2082

7337 2101
7318 2082
7318 2120
7356 2120
7356 2082

7375 2101
7356 2082
7356 2120
7394 2120
7394 2082

7413 2101
7394 2082
7394 2120
7432 2120
7432 2082

7451 2101
7432 2082
7432 2120
7470 2120
7470 2082

7489 2101
7470 2082
7470 2120
7508 2120
7508 2082

7527 2101
7508 2082
7508 2120
7546 2120
7546 2082

7565 2101
7546 2082
7546 2120
7584 2120
7584 2082

7603 2101
7584 2082
7584 2120
7622 2120
7622 2082

7641 2101
7622 2082
7622 2120
7660 2120
7660 2082

7679 2101
7660 2082
7660 2120
7698 2120
7698 2082

7721 2101
7698 2082
7698 2120
7744 2120
7744 2082
§
6462 2120
6462 2624
6500 2624
6500 2120

6481 2139
6462 2120
6462 2158
6500 2158
6500 2120

6481 2177
6462 2158
6462 2196
6500 2196
6500 2158

6481 2215
6462 2196
6462 2234
6500 2234
6500 2196

6481 2253
6462 2234
6462 2272
6500 2272
6500 2234

6481 2291
6462 2272
6462 2310
6500 2310
6500 2272

6481 2329
6462 2310
6462 2348
6500 2348
6500 2310

6481 2367
6462 2348
6462 2386
6500 2386
6500 2348

6481 2405
6462 2386
6462 2424
6500 2424
6500 2386

6481 2443
6462 2424
6462 2462
6500 2462
6500 2424

6481 2481
6462 2462
6462 2500
6500 2500
6500 2462

6481 2519
6462 2500
6462 2538
6500 2538
6500 2500

6481 2557
6462 2538
6462 2576
6500 2576
6500 2538

6481 2600
6462 2576
6462 2624
6500 2624
6500 2576
§
6861 2467
6861 2505
7528 2505
7528 2467

6880 2486
6861 2467
6861 2505
6899 2505
6899 2467

6918 2486
6899 2467
6899 2505
6937 2505
6937 2467

6956 2486
6937 2467
6937 2505
6975 2505
6975 2467

6994 2486
6975 2467
6975 2505
7013 2505
7013 2467

7032 2486
7013 2467
7013 2505
7051 2505
7051 2467

7070 2486
7051 2467
7051 2505
7089 2505
7089 2467

7108 2486
7089 2467
7089 2505
7127 2505
7127 2467

7146 2486
7127 2467
7127 2505
7165 2505
7165 2467

7184 2486
7165 2467
7165 2505
7203 2505
7203 2467

7222 2486
7203 2467
7203 2505
7241 2505
7241 2467

7260 2486
7241 2467
7241 2505
7279 2505
7279 2467

7298 2486
7279 2467
7279 2505
7317 2505
7317 2467

7336 2486
7317 2467
7317 2505
7355 2505
7355 2467

7374 2486
7355 2467
7355 2505
7393 2505
7393 2467

7412 2486
7393 2467
7393 2505
7431 2505
7431 2467

7450 2486
7431 2467
7431 2505
7469 2505
7469 2467

7488 2486
7469 2467
7469 2505
7507 2505
7507 2467

7517 2486
7507 2467
7507 2505
7528 2505
7528 2467
§
6005 2467
6005 2505
6113 2505
6113 2467

6024 2486
6005 2467
6005 2505
6043 2505
6043 2467

6062 2486
6043 2467
6043 2505
6081 2505
6081 2467

6097 2486
6081 2467
6081 2505
6113 2505
6113 2467
§
6297 2467
6297 2505
6462 2505
6462 2467

6316 2486
6297 2467
6297 2505
6335 2505
6335 2467

6354 2486
6335 2467
6335 2505
6373 2505
6373 2467

6392 2486
6373 2467
6373 2505
6411 2505
6411 2467

6436 2486
6411 2467
6411 2505
6462 2505
6462 2467
§
6500 2467
6500 2505
6681 2505
6681 2467

6519 2486
6500 2467
6500 2505
6538 2505
6538 2467

6557 2486
6538 2467
6538 2505
6576 2505
6576 2467

6595 2486
6576 2467
6576 2505
6614 2505
6614 2467

6633 2486
6614 2467
6614 2505
6652 2505
6652 2467

6666 2486
6652 2467
6652 2505
6681 2505
6681 2467
§
7008 2120
7008 2213
7046 2213
7046 2120

7027 2139
7008 2120
7008 2158
7046 2158
7046 2120

7027 2185
7008 2158
7008 2213
7046 2213
7046 2158
§
7008 2390
7008 2467
7046 2467
7046 2390

7027 2409
7008 2390
7008 2428
7046 2428
7046 2390

7027 2447
7008 2428
7008 2467
7046 2467
7046 2428
§
7528 2120
7528 2212
7566 2212
7566 2120

7547 2139
7528 2120
7528 2158
7566 2158
7566 2120

7547 2185
7528 2158
7528 2212
7566 2212
7566 2158
§
7528 2393
7528 2505
7566 2505
7566 2393

7547 2412
7528 2393
7528 2431
7566 2431
7566 2393

7547 2450
7528 2431
7528 2469
7566 2469
7566 2431

7547 2487
7528 2469
7528 2505
7566 2505
7566 2469
§
6464 2805
6464 3102
6502 3102
6502 2805

6483 2824
6464 2805
6464 2843
6502 2843
6502 2805

6483 2862
6464 2843
6464 2881
6502 2881
6502 2843

6483 2900
6464 2881
6464 2919
6502 2919
6502 2881

6483 2938
6464 2919
6464 2957
6502 2957
6502 2919

6483 2976
6464 2957
6464 2995
6502 2995
6502 2957

6483 3014
6464 2995
6464 3033
6502 3033
6502 2995

6483 3052
6464 3033
6464 3071
6502 3071
6502 3033

6483 3086
6464 3071
6464 3102
6502 3102
6502 3071
§
6005 2927
6005 2965
6464 2965
6464 2927

6024 2946
6005 2927
6005 2965
6043 2965
6043 2927

6062 2946
6043 2927
6043 2965
6081 2965
6081 2927

6100 2946
6081 2927
6081 2965
6119 2965
6119 2927

6138 2946
6119 2927
6119 2965
6157 2965
6157 2927

6176 2946
6157 2927
6157 2965
6195 2965
6195 2927

6214 2946
6195 2927
6195 2965
6233 2965
6233 2927

6252 2946
6233 2927
6233 2965
6271 2965
6271 2927

6290 2946
6271 2927
6271 2965
6309 2965
6309 2927

6328 2946
6309 2927
6309 2965
6347 2965
6347 2927

6366 2946
6347 2927
6347 2965
6385 2965
6385 2927

6404 2946
6385 2927
6385 2965
6423 2965
6423 2927

6443 2946
6423 2927
6423 2965
6464 2965
6464 2927
§
6464 3283
6464 3385
6502 3385
6502 3283

6483 3302
6464 3283
6464 3321
6502 3321
6502 3283

6483 3340
6464 3321
6464 3359
6502 3359
6502 3321

6483 3372
6464 3359
6464 3385
6502 3385
6502 3359
§
6005 3347
6005 3385
6464 3385
6464 3347

6024 3366
6005 3347
6005 3385
6043 3385
6043 3347

6062 3366
6043 3347
6043 3385
6081 3385
6081 3347

6100 3366
6081 3347
6081 3385
6119 3385
6119 3347

6138 3366
6119 3347
6119 3385
6157 3385
6157 3347

6176 3366
6157 3347
6157 3385
6195 3385
6195 3347

6214 3366
6195 3347
6195 3385
6233 3385
6233 3347

6252 3366
6233 3347
6233 3385
6271 3385
6271 3347

6290 3366
6271 3347
6271 3385
6309 3385
6309 3347

6328 3366
6309 3347
6309 3385
6347 3385
6347 3347

6366 3366
6347 3347
6347 3385
6385 3385
6385 3347

6404 3366
6385 3347
6385 3385
6423 3385
6423 3347

6443 3366
6423 3347
6423 3385
6464 3385
6464 3347
§
6644 3337
6644 3587
7030 3587
7030 3337

6769 3462
6644 3337
6644 3587
6894 3587
6894 3337

6962 3462
6894 3337
6894 3587
7030 3587
7030 3337
§
6682 308
6682 482
6992 482
6992 308

6769 395
6682 308
6682 482
6856 482
6856 308

6924 395
6856 308
6856 482
6992 482
6992 308
§
6644 2606
6644 2644
6724 2644
6724 2606

6663 2625
6644 2606
6644 2644
6682 2644
6682 2606

6703 2625
6682 2606
6682 2644
6724 2644
6724 2606
§
6905 2606
6905 2644
7512 2644
7512 2606

6924 2625
6905 2606
6905 2644
6943 2644
6943 2606

6962 2625
6943 2606
6943 2644
6981 2644
6981 2606

7000 2625
6981 2606
6981 2644
7019 2644
7019 2606

7038 2625
7019 2606
7019 2644
7057 2644
7057 2606

7076 2625
7057 2606
7057 2644
7095 2644
7095 2606

7114 2625
7095 2606
7095 2644
7133 2644
7133 2606

7152 2625
7133 2606
7133 2644
7171 2644
7171 2606

7190 2625
7171 2606
7171 2644
7209 2644
7209 2606

7228 2625
7209 2606
7209 2644
7247 2644
7247 2606

7266 2625
7247 2606
7247 2644
7285 2644
7285 2606

7304 2625
7285 2606
7285 2644
7323 2644
7323 2606

7342 2625
7323 2606
7323 2644
7361 2644
7361 2606

7380 2625
7361 2606
7361 2644
7399 2644
7399 2606

7418 2625
7399 2606
7399 2644
7437 2644
7437 2606

7456 2625
7437 2606
7437 2644
7475 2644
7475 2606

7493 2625
7475 2606
7475 2644
7512 2644
7512 2606
§
7512 2606
7512 2683
7550 2683
7550 2606

7531 2625
7512 2606
7512 2644
7550 2644
7550 2606

7531 2663
7512 2644
7512 2683
7550 2683
7550 2644
§
6644 2644
6644 3101
6682 3101
6682 2644

6663 2663
6644 2644
6644 2682
6682 2682
6682 2644

6663 2701
6644 2682
6644 2720
6682 2720
6682 2682

6663 2739
6644 2720
6644 2758
6682 2758
6682 2720

6663 2777
6644 2758
6644 2796
6682 2796
6682 2758

6663 2815
6644 2796
6644 2834
6682 2834
6682 2796

6663 2853
6644 2834
6644 2872
6682 2872
6682 2834

6663 2891
6644 2872
6644 2910
6682 2910
6682 2872

6663 2929
6644 2910
6644 2948
6682 2948
6682 2910

6663 2967
6644 2948
6644 2986
6682 2986
6682 2948

6663 3005
6644 2986
6644 3024
6682 3024
6682 2986

6663 3043
6644 3024
6644 3062
6682 3062
6682 3024

6663 3081
6644 3062
6644 3101
6682 3101
6682 3062
§
6644 3283
6644 3337
6682 3337
6682 3283

6663 3310
6644 3283
6644 3337
6682 3337
6682 3283
§
6936 2950
6936 2988
7131 2988
7131 2950

6955 2969
6936 2950
6936 2988
6974 2988
6974 2950

6993 2969
6974 2950
6974 2988
7012 2988
7012 2950

7031 2969
7012 2950
7012 2988
7050 2988
7050 2950

7069 2969
7050 2950
7050 2988
7088 2988
7088 2950

7109 2969
7088 2950
7088 2988
7131 2988
7131 2950
§
6992 2644
6992 2950
7030 2950
7030 2644

7011 2663
6992 2644
6992 2682
7030 2682
7030 2644

7011 2701
6992 2682
6992 2720
7030 2720
7030 2682

7011 2739
6992 2720
6992 2758
7030 2758
7030 2720

7011 2777
6992 2758
6992 2796
7030 2796
7030 2758

7011 2815
6992 2796
6992 2834
7030 2834
7030 2796

7011 2853
6992 2834
6992 2872
7030 2872
7030 2834

7011 2891
6992 2872
6992 2910
7030 2910
7030 2872

7011 2930
6992 2910
6992 2950
7030 2950
7030 2910
§
6682 2950
6682 2988
6756 2988
6756 2950

6701 2969
6682 2950
6682 2988
6720 2988
6720 2950

6738 2969
6720 2950
6720 2988
6756 2988
6756 2950
§
6992 2988
6992 3086
7030 3086
7030 2988

7011 3007
6992 2988
6992 3026
7030 3026
7030 2988

7011 3045
6992 3026
6992 3064
7030 3064
7030 3026

7011 3075
6992 3064
6992 3086
7030 3086
7030 3064
§
6992 3266
6992 3337
7030 3337
7030 3266

7011 3285
6992 3266
6992 3304
7030 3304
7030 3266

7011 3320
6992 3304
6992 3337
7030 3337
7030 3304
§
7313 2950
7313 2988
7815 2988
7815 2950

7332 2969
7313 2950
7313 2988
7351 2988
7351 2950

7370 2969
7351 2950
7351 2988
7389 2988
7389 2950

7408 2969
7389 2950
7389 2988
7427 2988
7427 2950

7446 2969
7427 2950
7427 2988
7465 2988
7465 2950

7484 2969
7465 2950
7465 2988
7503 2988
7503 2950

7522 2969
7503 2950
7503 2988
7541 2988
7541 2950

7560 2969
7541 2950
7541 2988
7579 2988
7579 2950

7598 2969
7579 2950
7579 2988
7617 2988
7617 2950

7636 2969
7617 2950
7617 2988
7655 2988
7655 2950

7674 2969
7655 2950
7655 2988
7693 2988
7693 2950

7712 2969
7693 2950
7693 2988
7731 2988
7731 2950

7750 2969
7731 2950
7731 2988
7769 2988
7769 2950

7792 2969
7769 2950
7769 2988
7815 2988
7815 2950
§
7329 3337
7329 3375
7687 3375
7687 3337

7348 3356
7329 3337
7329 3375
7367 3375
7367 3337

7386 3356
7367 3337
7367 3375
7405 3375
7405 3337

7424 3356
7405 3337
7405 3375
7443 3375
7443 3337

7462 3356
7443 3337
7443 3375
7481 3375
7481 3337

7500 3356
7481 3337
7481 3375
7519 3375
7519 3337

7538 3356
7519 3337
7519 3375
7557 3375
7557 3337

7576 3356
7557 3337
7557 3375
7595 3375
7595 3337

7614 3356
7595 3337
7595 3375
7633 3375
7633 3337

7660 3356
7633 3337
7633 3375
7687 3375
7687 3337
§
7358 3549
7358 3587
7679 3587
7679 3549

7377 3568
7358 3549
7358 3587
7396 3587
7396 3549

7415 3568
7396 3549
7396 3587
7434 3587
7434 3549

7453 3568
7434 3549
7434 3587
7472 3587
7472 3549

7491 3568
7472 3549
7472 3587
7510 3587
7510 3549

7529 3568
7510 3549
7510 3587
7548 3587
7548 3549

7567 3568
7548 3549
7548 3587
7586 3587
7586 3549

7605 3568
7586 3549
7586 3587
7624 3587
7624 3549

7651 3568
7624 3549
7624 3587
7679 3587
7679 3549
§
7030 3337
7030 3375
7150 3375
7150 3337

7049 3356
7030 3337
7030 3375
7068 3375
7068 3337

7087 3356
7068 3337
7068 3375
7106 3375
7106 3337

7128 3356
7106 3337
7106 3375
7150 3375
7150 3337
§
7030 3549
7030 3587
7177 3587
7177 3549

7049 3568
7030 3549
7030 3587
7068 3587
7068 3549

7087 3568
7068 3549
7068 3587
7106 3587
7106 3549

7125 3568
7106 3549
7106 3587
7144 3587
7144 3549

7160 3568
7144 3549
7144 3587
7177 3587
7177 3549
§
7512 2865
7512 2950
7550 2950
7550 2865

7531 2884
7512 2865
7512 2903
7550 2903
7550 2865

7531 2926
7512 2903
7512 2950
7550 2950
7550 2903
§
7512 2988
7512 3337
7550 3337
7550 2988

7531 3007
7512 2988
7512 3026
7550 3026
7550 2988

7531 3045
7512 3026
7512 3064
7550 3064
7550 3026

7531 3083
7512 3064
7512 3102
7550 3102
7550 3064

7531 3121
7512 3102
7512 3140
7550 3140
7550 3102

7531 3159
7512 3140
7512 3178
7550 3178
7550 3140

7531 3197
7512 3178
7512 3216
7550 3216
7550 3178

7531 3235
7512 3216
7512 3254
7550 3254
7550 3216

7531 3273
7512 3254
7512 3292
7550 3292
7550 3254

7531 3314
7512 3292
7512 3337
7550 3337
7550 3292
§
7512 3375
7512 3549
7550 3549
7550 3375

7531 3394
7512 3375
7512 3413
7550 3413
7550 3375

7531 3432
7512 3413
7512 3451
7550 3451
7550 3413

7531 3470
7512 3451
7512 3489
7550 3489
7550 3451

7531 3508
7512 3489
7512 3527
7550 3527
7550 3489

7531 3538
7512 3527
7512 3549
7550 3549
7550 3527
§
7995 2950
7995 2988
8070 2988
8070 2950

8014 2969
7995 2950
7995 2988
8033 2988
8033 2950

8051 2969
8033 2950
8033 2988
8070 2988
8070 2950
§
8032 2988
8032 3587
8070 3587
8070 2988

8051 3007
8032 2988
8032 3026
8070 3026
8070 2988

8051 3045
8032 3026
8032 3064
8070 3064
8070 3026

8051 3083
8032 3064
8032 3102
8070 3102
8070 3064

8051 3121
8032 3102
8032 3140
8070 3140
8070 3102

8051 3159
8032 3140
8032 3178
8070 3178
8070 3140

8051 3197
8032 3178
8032 3216
8070 3216
8070 3178

8051 3235
8032 3216
8032 3254
8070 3254
8070 3216

8051 3273
8032 3254
8032 3292
8070 3292
8070 3254

8051 3311
8032 3292
8032 3330
8070 3330
8070 3292

8051 3349
8032 3330
8032 3368
8070 3368
8070 3330

8051 3387
8032 3368
8032 3406
8070 3406
8070 3368

8051 3425
8032 3406
8032 3444
8070 3444
8070 3406

8051 3463
8032 3444
8032 3482
8070 3482
8070 3444

8051 3501
8032 3482
8032 3520
8070 3520
8070 3482

8051 3539
8032 3520
8032 3558
8070 3558
8070 3520

8051 3572
8032 3558
8032 3587
8070 3587
8070 3558
§
7868 3337
7868 3375
8032 3375
8032 3337

7887 3356
7868 3337
7868 3375
7906 3375
7906 3337

7925 3356
7906 3337
7906 3375
7944 3375
7944 3337

7963 3356
7944 3337
7944 3375
7982 3375
7982 3337

8007 3356
7982 3337
7982 3375
8032 3375
8032 3337
§
7859 3549
7859 3587
8032 3587
8032 3549

7878 3568
7859 3549
7859 3587
7897 3587
7897 3549

7916 3568
7897 3549
7897 3587
7935 3587
7935 3549

7954 3568
7935 3549
7935 3587
7973 3587
7973 3549

7992 3568
7973 3549
7973 3587
8011 3587
8011 3549

8021 3568
8011 3549
8011 3587
8032 3587
8032 3549
§
7743 1104
7743 1142
8354 1142
8354 1104

7762 1123
7743 1104
7743 1142
7781 1142
7781 1104

7800 1123
7781 1104
7781 1142
7819 1142
7819 1104

7838 1123
7819 1104
7819 1142
7857 1142
7857 1104

7876 1123
7857 1104
7857 1142
7895 1142
7895 1104

7914 1123
7895 1104
7895 1142
7933 1142
7933 1104

7952 1123
7933 1104
7933 1142
7971 1142
7971 1104

7990 1123
7971 1104
7971 1142
8009 1142
8009 1104

8028 1123
8009 1104
8009 1142
8047 1142
8047 1104

8066 1123
8047 1104
8047 1142
8085 1142
8085 1104

8104 1123
8085 1104
8085 1142
8123 1142
8123 1104

8142 1123
8123 1104
8123 1142
8161 1142
8161 1104

8180 1123
8161 1104
8161 1142
8199 1142
8199 1104

8218 1123
8199 1104
8199 1142
8237 1142
8237 1104

8256 1123
8237 1104
8237 1142
8275 1142
8275 1104

8294 1123
8275 1104
8275 1142
8313 1142
8313 1104

8333 1123
8313 1104
8313 1142
8354 1142
8354 1104
§
7743 1142
7743 1834
7781 1834
7781 1142

7762 1161
7743 1142
7743 1180
7781 1180
7781 1142

7762 1199
7743 1180
7743 1218
7781 1218
7781 1180

7762 1237
7743 1218
7743 1256
7781 1256
7781 1218

7762 1275
7743 1256
7743 1294
7781 1294
7781 1256

7762 1313
7743 1294
7743 1332
7781 1332
7781 1294

7762 1351
7743 1332
7743 1370
7781 1370
7781 1332

7762 1389
7743 1370
7743 1408
7781 1408
7781 1370

7762 1427
7743 1408
7743 1446
7781 1446
7781 1408

7762 1465
7743 1446
7743 1484
7781 1484
7781 1446

7762 1503
7743 1484
7743 1522
7781 1522
7781 1484

7762 1541
7743 1522
7743 1560
7781 1560
7781 1522

7762 1579
7743 1560
7743 1598
7781 1598
7781 1560

7762 1617
7743 1598
7743 1636
7781 1636
7781 1598

7762 1655
7743 1636
7743 1674
7781 1674
7781 1636

7762 1693
7743 1674
7743 1712
7781 1712
7781 1674

7762 1731
7743 1712
7743 1750
7781 1750
7781 1712

7762 1769
7743 1750
7743 1788
7781 1788
7781 1750

7762 1811
7743 1788
7743 1834
7781 1834
7781 1788
§
7743 2013
7743 2754
7781 2754
7781 2013

7762 2032
7743 2013
7743 2051
7781 2051
7781 2013

7762 2070
7743 2051
7743 2089
7781 2089
7781 2051

7762 2108
7743 2089
7743 2127
7781 2127
7781 2089

7762 2146
7743 2127
7743 2165
7781 2165
7781 2127

7762 2184
7743 2165
7743 2203
7781 2203
7781 2165

7762 2222
7743 2203
7743 2241
7781 2241
7781 2203

7762 2260
7743 2241
7743 2279
7781 2279
7781 2241

7762 2298
7743 2279
7743 2317
7781 2317
7781 2279

7762 2336
7743 2317
7743 2355
7781 2355
7781 2317

7762 2374
7743 2355
7743 2393
7781 2393
7781 2355

7762 2412
7743 2393
7743 2431
7781 2431
7781 2393

7762 2450
7743 2431
7743 2469
7781 2469
7781 2431

7762 2488
7743 2469
7743 2507
7781 2507
7781 2469

7762 2526
7743 2507
7743 2545
7781 2545
7781 2507

7762 2564
7743 2545
7743 2583
7781 2583
7781 2545

7762 2602
7743 2583
7743 2621
7781 2621
7781 2583

7762 2640
7743 2621
7743 2659
7781 2659
7781 2621

7762 2678
7743 2659
7743 2697
7781 2697
7781 2659

7762 2716
7743 2697
7743 2735
7781 2735
7781 2697

7762 2744
7743 2735
7743 2754
7781 2754
7781 2735
§
7781 2716
7781 2754
8354 2754
8354 2716

7800 2735
7781 2716
7781 2754
7819 2754
7819 2716

7838 2735
7819 2716
7819 2754
7857 2754
7857 2716

7876 2735
7857 2716
7857 2754
7895 2754
7895 2716

7914 2735
7895 2716
7895 2754
7933 2754
7933 2716

7952 2735
7933 2716
7933 2754
7971 2754
7971 2716

7990 2735
7971 2716
7971 2754
8009 2754
8009 2716

8028 2735
8009 2716
8009 2754
8047 2754
8047 2716

8066 2735
8047 2716
8047 2754
8085 2754
8085 2716

8104 2735
8085 2716
8085 2754
8123 2754
8123 2716

8142 2735
8123 2716
8123 2754
8161 2754
8161 2716

8180 2735
8161 2716
8161 2754
8199 2754
8199 2716

8218 2735
8199 2716
8199 2754
8237 2754
8237 2716

8256 2735
8237 2716
8237 2754
8275 2754
8275 2716

8294 2735
8275 2716
8275 2754
8313 2754
8313 2716

8333 2735
8313 2716
8313 2754
8354 2754
8354 2716
§