1788 4888
1788 5546
1816 5546
1816 4888

1802 4902
1788 4888
1788 4916
1816 4916
1816 4888

1802 4930
1788 4916
1788 4944
1816 4944
1816 4916

1802 4958
1788 4944
1788 4972
1816 4972
1816 4944

1802 4986
1788 4972
1788 5000
1816 5000
1816 4972

1802 5014
1788 5000
1788 5028
1816 5028
1816 5000

1802 5042
1788 5028
1788 5056
1816 5056
1816 5028

1802 5070
1788 5056
1788 5084
1816 5084
1816 5056

1802 5098
1788 5084
1788 5112
1816 5112
1816 5084

1802 5126
1788 5112
1788 5140
1816 5140
1816 5112

1802 5154
1788 5140
1788 5168
1816 5168
1816 5140

1802 5182
1788 5168
1788 5196
1816 5196
1816 5168

1802 5210
1788 5196
1788 5224
1816 5224
1816 5196

1802 5238
1788 5224
1788 5252
1816 5252
1816 5224

1802 5266
1788 5252
1788 5280
1816 5280
1816 5252

1802 5294
1788 5280
1788 5308
1816 5308
1816 5280

1802 5322
1788 5308
1788 5336
1816 5336
1816 5308

1802 5350
1788 5336
1788 5364
1816 5364
1816 5336

1802 5378
1788 5364
1788 5392
1816 5392
1816 5364

1802 5406
1788 5392
1788 5420
1816 5420
1816 5392

1802 5434
1788 5420
1788 5448
1816 5448
1816 5420

1802 5462
1788 5448
1788 5476
1816 5476
1816 5448

1802 5490
1788 5476
1788 5504
1816 5504
1816 5476

1802 5518
1788 5504
1788 5532
1816 5532
1816 5504

1802 5539
1788 5532
1788 5546
1816 5546
1816 5532
§
1788 5517
1788 5547
2846 5547
2846 5517

1803 5532
1788 5517
1788 5547
1818 5547
1818 5517

1833 5532
1818 5517
1818 5547
1848 5547
1848 5517

1863 5532
1848 5517
1848 5547
1878 5547
1878 5517

1893 5532
1878 5517
1878 5547
1908 5547
1908 5517

1923 5532
1908 5517
1908 5547
1938 5547
1938 5517

1953 5532
1938 5517
1938 5547
1968 5547
1968 5517

1983 5532
1968 5517
1968 5547
1998 5547
1998 5517

2013 5532
1998 5517
1998 5547
2028 5547
2028 5517

2043 5532
2028 5517
2028 5547
2058 5547
2058 5517

2073 5532
2058 5517
2058 5547
2088 5547
2088 5517

2103 5532
2088 5517
2088 5547
2118 5547
2118 5517

2133 5532
2118 5517
2118 5547
2148 5547
2148 5517

2163 5532
2148 5517
2148 5547
2178 5547
2178 5517

2193 5532
2178 5517
2178 5547
2208 5547
2208 5517

2223 5532
2208 5517
2208 5547
2238 5547
2238 5517

2253 5532
2238 5517
2238 5547
2268 5547
2268 5517

2283 5532
2268 5517
2268 5547
2298 5547
2298 5517

2313 5532
2298 5517
2298 5547
2328 5547
2328 5517

2343 5532
2328 5517
2328 5547
2358 5547
2358 5517

2373 5532
2358 5517
2358 5547
2388 5547
2388 5517

2403 5532
2388 5517
2388 5547
2418 5547
2418 5517

2433 5532
2418 5517
2418 5547
2448 5547
2448 5517

2463 5532
2448 5517
2448 5547
2478 5547
2478 5517

2493 5532
2478 5517
2478 5547
2508 5547
2508 5517

2523 5532
2508 5517
2508 5547
2538 5547
2538 5517

2553 5532
2538 5517
2538 5547
2568 5547
2568 5517

2583 5532
2568 5517
2568 5547
2598 5547
2598 5517

2613 5532
2598 5517
2598 5547
2628 5547
2628 5517

2643 5532
2628 5517
2628 5547
2658 5547
2658 5517

2673 5532
2658 5517
2658 5547
2688 5547
2688 5517

2703 5532
2688 5517
2688 5547
2718 5547
2718 5517

2733 5532
2718 5517
2718 5547
2748 5547
2748 5517

2763 5532
2748 5517
2748 5547
2778 5547
2778 5517

2793 5532
2778 5517
2778 5547
2808 5547
2808 5517

2827 5532
2808 5517
2808 5547
2846 5547
2846 5517
§
2818 4887
2818 5543
2846 5543
2846 4887

2832 4901
2818 4887
2818 4915
2846 4915
2846 4887

2832 4929
2818 4915
2818 4943
2846 4943
2846 4915

2832 4957
2818 4943
2818 4971
2846 4971
2846 4943

2832 4985
2818 4971
2818 4999
2846 4999
2846 4971

2832 5013
2818 4999
2818 5027
2846 5027
2846 4999

2832 5041
2818 5027
2818 5055
2846 5055
2846 5027

2832 5069
2818 5055
2818 5083
2846 5083
2846 5055

2832 5097
2818 5083
2818 5111
2846 5111
2846 5083

2832 5125
2818 5111
2818 5139
2846 5139
2846 5111

2832 5153
2818 5139
2818 5167
2846 5167
2846 5139

2832 5181
2818 5167
2818 5195
2846 5195
2846 5167

2832 5209
2818 5195
2818 5223
2846 5223
2846 5195

2832 5237
2818 5223
2818 5251
2846 5251
2846 5223

2832 5265
2818 5251
2818 5279
2846 5279
2846 5251

2832 5293
2818 5279
2818 5307
2846 5307
2846 5279

2832 5321
2818 5307
2818 5335
2846 5335
2846 5307

2832 5349
2818 5335
2818 5363
2846 5363
2846 5335

2832 5377
2818 5363
2818 5391
2846 5391
2846 5363

2832 5405
2818 5391
2818 5419
2846 5419
2846 5391

2832 5433
2818 5419
2818 5447
2846 5447
2846 5419

2832 5461
2818 5447
2818 5475
2846 5475
2846 5447

2832 5489
2818 5475
2818 5503
2846 5503
2846 5475

2832 5523
2818 5503
2818 5543
2846 5543
2846 5503
§
1788 4888
1788 4915
2535 4915
2535 4888

1801 4901
1788 4888
1788 4915
1815 4915
1815 4888

1828 4901
1815 4888
1815 4915
1842 4915
1842 4888

1855 4901
1842 4888
1842 4915
1869 4915
1869 4888

1882 4901
1869 4888
1869 4915
1896 4915
1896 4888

1909 4901
1896 4888
1896 4915
1923 4915
1923 4888

1936 4901
1923 4888
1923 4915
1950 4915
1950 4888

1963 4901
1950 4888
1950 4915
1977 4915
1977 4888

1990 4901
1977 4888
1977 4915
2004 4915
2004 4888

2017 4901
2004 4888
2004 4915
2031 4915
2031 4888

2044 4901
2031 4888
2031 4915
2058 4915
2058 4888

2071 4901
2058 4888
2058 4915
2085 4915
2085 4888

2098 4901
2085 4888
2085 4915
2112 4915
2112 4888

2125 4901
2112 4888
2112 4915
2139 4915
2139 4888

2152 4901
2139 4888
2139 4915
2166 4915
2166 4888

2179 4901
2166 4888
2166 4915
2193 4915
2193 4888

2206 4901
2193 4888
2193 4915
2220 4915
2220 4888

2233 4901
2220 4888
2220 4915
2247 4915
2247 4888

2260 4901
2247 4888
2247 4915
2274 4915
2274 4888

2287 4901
2274 4888
2274 4915
2301 4915
2301 4888

2314 4901
2301 4888
2301 4915
2328 4915
2328 4888

2341 4901
2328 4888
2328 4915
2355 4915
2355 4888

2368 4901
2355 4888
2355 4915
2382 4915
2382 4888

2395 4901
2382 4888
2382 4915
2409 4915
2409 4888

2422 4901
2409 4888
2409 4915
2436 4915
2436 4888

2449 4901
2436 4888
2436 4915
2463 4915
2463 4888

2476 4901
2463 4888
2463 4915
2490 4915
2490 4888

2503 4901
2490 4888
2490 4915
2517 4915
2517 4888

2526 4901
2517 4888
2517 4915
2535 4915
2535 4888
§
2718 4887
2718 4916
2846 4916
2846 4887

2732 4901
2718 4887
2718 4916
2747 4916
2747 4887

2761 4901
2747 4887
2747 4916
2776 4916
2776 4887

2790 4901
2776 4887
2776 4916
2805 4916
2805 4887

2825 4901
2805 4887
2805 4916
2846 4916
2846 4887
§
2815 4707
2815 4918
2846 4918
2846 4707

2830 4722
2815 4707
2815 4738
2846 4738
2846 4707

2830 4753
2815 4738
2815 4769
2846 4769
2846 4738

2830 4784
2815 4769
2815 4800
2846 4800
2846 4769

2830 4815
2815 4800
2815 4831
2846 4831
2846 4800

2830 4846
2815 4831
2815 4862
2846 4862
2846 4831

2830 4877
2815 4862
2815 4893
2846 4893
2846 4862

2830 4905
2815 4893
2815 4918
2846 4918
2846 4893
§
2717 4706
2717 4737
2846 4737
2846 4706

2732 4721
2717 4706
2717 4737
2748 4737
2748 4706

2763 4721
2748 4706
2748 4737
2779 4737
2779 4706

2794 4721
2779 4706
2779 4737
2810 4737
2810 4706

2828 4721
2810 4706
2810 4737
2846 4737
2846 4706
§
1496 4707
1496 4737
2535 4737
2535 4707

1511 4722
1496 4707
1496 4737
1526 4737
1526 4707

1541 4722
1526 4707
1526 4737
1556 4737
1556 4707

1571 4722
1556 4707
1556 4737
1586 4737
1586 4707

1601 4722
1586 4707
1586 4737
1616 4737
1616 4707

1631 4722
1616 4707
1616 4737
1646 4737
1646 4707

1661 4722
1646 4707
1646 4737
1676 4737
1676 4707

1691 4722
1676 4707
1676 4737
1706 4737
1706 4707

1721 4722
1706 4707
1706 4737
1736 4737
1736 4707

1751 4722
1736 4707
1736 4737
1766 4737
1766 4707

1781 4722
1766 4707
1766 4737
1796 4737
1796 4707

1811 4722
1796 4707
1796 4737
1826 4737
1826 4707

1841 4722
1826 4707
1826 4737
1856 4737
1856 4707

1871 4722
1856 4707
1856 4737
1886 4737
1886 4707

1901 4722
1886 4707
1886 4737
1916 4737
1916 4707

1931 4722
1916 4707
1916 4737
1946 4737
1946 4707

1961 4722
1946 4707
1946 4737
1976 4737
1976 4707

1991 4722
1976 4707
1976 4737
2006 4737
2006 4707

2021 4722
2006 4707
2006 4737
2036 4737
2036 4707

2051 4722
2036 4707
2036 4737
2066 4737
2066 4707

2081 4722
2066 4707
2066 4737
2096 4737
2096 4707

2111 4722
2096 4707
2096 4737
2126 4737
2126 4707

2141 4722
2126 4707
2126 4737
2156 4737
2156 4707

2171 4722
2156 4707
2156 4737
2186 4737
2186 4707

2201 4722
2186 4707
2186 4737
2216 4737
2216 4707

2231 4722
2216 4707
2216 4737
2246 4737
2246 4707

2261 4722
2246 4707
2246 4737
2276 4737
2276 4707

2291 4722
2276 4707
2276 4737
2306 4737
2306 4707

2321 4722
2306 4707
2306 4737
2336 4737
2336 4707

2351 4722
2336 4707
2336 4737
2366 4737
2366 4707

2381 4722
2366 4707
2366 4737
2396 4737
2396 4707

2411 4722
2396 4707
2396 4737
2426 4737
2426 4707

2441 4722
2426 4707
2426 4737
2456 4737
2456 4707

2471 4722
2456 4707
2456 4737
2486 4737
2486 4707

2501 4722
2486 4707
2486 4737
2516 4737
2516 4707

2525 4722
2516 4707
2516 4737
2535 4737
2535 4707
§
1488 4888
1488 4916
1817 4916
1817 4888

1502 4902
1488 4888
1488 4916
1516 4916
1516 4888

1530 4902
1516 4888
1516 4916
1544 4916
1544 4888

1558 4902
1544 4888
1544 4916
1572 4916
1572 4888

1586 4902
1572 4888
1572 4916
1600 4916
1600 4888

1614 4902
1600 4888
1600 4916
1628 4916
1628 4888

1642 4902
1628 4888
1628 4916
1656 4916
1656 4888

1670 4902
1656 4888
1656 4916
1684 4916
1684 4888

1698 4902
1684 4888
1684 4916
1712 4916
1712 4888

1726 4902
1712 4888
1712 4916
1740 4916
1740 4888

1754 4902
1740 4888
1740 4916
1768 4916
1768 4888

1782 4902
1768 4888
1768 4916
1796 4916
1796 4888

1806 4902
1796 4888
1796 4916
1817 4916
1817 4888
§
