3843 666 0 False 255 0 0 Door.png
3377 3357 180 False 255 255 255 Door.png
4675 3341 180 False 255 255 255 Door.png
5823 3334 180 False 255 255 255 Door.png
6473 3337 180 False 255 255 255 Door.png
2480 3342 180 False 255 255 255 Door.png
679 2473 180 False 255 255 255 Door.png
683 1544 180 False 255 255 255 Door.png
7321 1860 180 False 255 255 255 Door.png
7332 1222 180 False 255 255 255 Door.png
7987 1206 180 False 255 255 255 Door.png
6814 2209 270 False 255 255 255 Door.png
7559 1434 270 False 255 255 255 Door.png
7557 796 270 False 255 255 255 Door.png
1054 1014 270 False 255 255 255 Door.png
1059 2170 270 False 255 255 255 Door.png
1059 2817 270 False 255 255 255 Door.png
1960 3707 270 False 255 255 255 Door.png
2864 3709 270 False 255 255 255 Door.png
3757 3726 270 False 255 255 255 Door.png
4120 3728 270 False 255 255 255 Door.png
5043 3714 270 False 255 255 255 Door.png
5945 3719 270 False 255 255 255 Door.png
6924 1437 270 False 255 255 255 Door.png
1572 3339 180 False 255 255 255 Door.png
§