0 0
0 663
1043 663
1043 0

331 331
0 0
0 663
663 663
663 0

853 331
663 0
663 663
1043 663
1043 0
§
1034 2
1034 697
3779 697
3779 2

1381 349
1034 2
1034 697
1729 697
1729 2

2076 349
1729 2
1729 697
2424 697
2424 2

2771 349
2424 2
2424 697
3119 697
3119 2

3449 349
3119 2
3119 697
3779 697
3779 2
§
3779 4
3779 148
4091 148
4091 4

3851 76
3779 4
3779 148
3923 148
3923 4

4007 76
3923 4
3923 148
4091 148
4091 4
§
4091 8
4091 698
6941 698
6941 8

4436 353
4091 8
4091 698
4781 698
4781 8

5126 353
4781 8
4781 698
5471 698
5471 8

5816 353
5471 8
5471 698
6161 698
6161 8

6551 353
6161 8
6161 698
6941 698
6941 8
§
6790 697
6790 1435
6942 1435
6942 697

6866 773
6790 697
6790 849
6942 849
6942 697

6866 925
6790 849
6790 1001
6942 1001
6942 849

6866 1077
6790 1001
6790 1153
6942 1153
6942 1001

6866 1229
6790 1153
6790 1305
6942 1305
6942 1153

6866 1370
6790 1305
6790 1435
6942 1435
6942 1305
§
6789 1613
6789 1863
6942 1863
6942 1613

6865 1689
6789 1613
6789 1766
6942 1766
6942 1613

6865 1814
6789 1766
6789 1863
6942 1863
6942 1766
§
6940 3
6940 592
8170 592
8170 3

7234 297
6940 3
6940 592
7529 592
7529 3

7849 297
7529 3
7529 592
8170 592
8170 3
§
8170 2
8170 1178
8303 1178
8303 2

8236 68
8170 2
8170 135
8303 135
8303 2

8236 201
8170 135
8170 268
8303 268
8303 135

8236 334
8170 268
8170 401
8303 401
8303 268

8236 467
8170 401
8170 534
8303 534
8303 401

8236 600
8170 534
8170 667
8303 667
8303 534

8236 733
8170 667
8170 800
8303 800
8303 667

8236 866
8170 800
8170 933
8303 933
8303 800

8236 999
8170 933
8170 1066
8303 1066
8303 933

8236 1122
8170 1066
8170 1178
8303 1178
8303 1066
§
8163 1179
8163 1815
8301 1815
8301 1179

8232 1248
8163 1179
8163 1317
8301 1317
8301 1179

8232 1386
8163 1317
8163 1455
8301 1455
8301 1317

8232 1524
8163 1455
8163 1593
8301 1593
8301 1455

8232 1662
8163 1593
8163 1731
8301 1731
8301 1593

8232 1773
8163 1731
8163 1815
8301 1815
8301 1731
§
7685 1815
7685 2755
8302 2755
8302 1815

7993 2123
7685 1815
7685 2432
8302 2432
8302 1815

7993 2593
7685 2432
7685 2755
8302 2755
8302 2432
§
6790 2751
6790 3360
8303 3360
8303 2751

7094 3055
6790 2751
6790 3360
7399 3360
7399 2751

7851 3055
7399 2751
7399 3360
8303 3360
8303 2751
§
6824 3334
6824 4759
8299 4759
8299 3334

7561 4046
6824 3334
6824 4759
8299 4759
8299 3334
§
0 657
0 3355
146 3355
146 657

73 730
0 657
0 803
146 803
146 657

73 876
0 803
0 949
146 949
146 803

73 1022
0 949
0 1095
146 1095
146 949

73 1168
0 1095
0 1241
146 1241
146 1095

73 1314
0 1241
0 1387
146 1387
146 1241

73 1460
0 1387
0 1533
146 1533
146 1387

73 1606
0 1533
0 1679
146 1679
146 1533

73 1752
0 1679
0 1825
146 1825
146 1679

73 1898
0 1825
0 1971
146 1971
146 1825

73 2044
0 1971
0 2117
146 2117
146 1971

73 2190
0 2117
0 2263
146 2263
146 2117

73 2336
0 2263
0 2409
146 2409
146 2263

73 2482
0 2409
0 2555
146 2555
146 2409

73 2628
0 2555
0 2701
146 2701
146 2555

73 2774
0 2701
0 2847
146 2847
146 2701

73 2920
0 2847
0 2993
146 2993
146 2847

73 3066
0 2993
0 3139
146 3139
146 2993

73 3247
0 3139
0 3355
146 3355
146 3139
§
7 3351
7 4257
1048 4257
1048 3351

527 3804
7 3351
7 4257
1048 4257
1048 3351
§
3 4248
3 4759
3779 4759
3779 4248

258 4503
3 4248
3 4759
514 4759
514 4248

769 4503
514 4248
514 4759
1025 4759
1025 4248

1280 4503
1025 4248
1025 4759
1536 4759
1536 4248

1791 4503
1536 4248
1536 4759
2047 4759
2047 4248

2302 4503
2047 4248
2047 4759
2558 4759
2558 4248

2813 4503
2558 4248
2558 4759
3069 4759
3069 4248

3424 4503
3069 4248
3069 4759
3779 4759
3779 4248
§
3780 4642
3780 4759
4459 4759
4459 4642

3838 4700
3780 4642
3780 4759
3897 4759
3897 4642

3955 4700
3897 4642
3897 4759
4014 4759
4014 4642

4072 4700
4014 4642
4014 4759
4131 4759
4131 4642

4189 4700
4131 4642
4131 4759
4248 4759
4248 4642

4306 4700
4248 4642
4248 4759
4365 4759
4365 4642

4412 4700
4365 4642
4365 4759
4459 4759
4459 4642
§
4099 4250
4099 4759
6834 4759
6834 4250

4353 4504
4099 4250
4099 4759
4608 4759
4608 4250

4862 4504
4608 4250
4608 4759
5117 4759
5117 4250

5371 4504
5117 4250
5117 4759
5626 4759
5626 4250

5880 4504
5626 4250
5626 4759
6135 4759
6135 4250

6484 4504
6135 4250
6135 4759
6834 4759
6834 4250
§
8012 1204
7987 1179
7987 1230
8038 1230
8038 1179

8063 1204
8038 1179
8038 1230
8089 1230
8089 1179

8114 1204
8089 1179
8089 1230
8140 1230
8140 1179

8156 1204
8140 1179
8140 1230
8173 1230
8173 1179
§
7528 584
7528 794
7584 794
7584 584

7556 612
7528 584
7528 640
7584 640
7584 584

7556 668
7528 640
7528 696
7584 696
7584 640

7556 724
7528 696
7528 752
7584 752
7584 696

7556 773
7528 752
7528 794
7584 794
7584 752
§
3739 657
3739 698
3840 698
3840 657

3759 677
3739 657
3739 698
3780 698
3780 657

3810 677
3780 657
3780 698
3840 698
3840 657
§
4027 657
4027 698
4151 698
4151 657

4047 677
4027 657
4027 698
4068 698
4068 657

4088 677
4068 657
4068 698
4109 698
4109 657

4130 677
4109 657
4109 698
4151 698
4151 657
§
1033 658
1033 1013
1081 1013
1081 658

1057 682
1033 658
1033 706
1081 706
1081 658

1057 730
1033 706
1033 754
1081 754
1081 706

1057 778
1033 754
1033 802
1081 802
1081 754

1057 826
1033 802
1033 850
1081 850
1081 802

1057 874
1033 850
1033 898
1081 898
1081 850

1057 922
1033 898
1033 946
1081 946
1081 898

1057 979
1033 946
1033 1013
1081 1013
1081 946
§
1034 1198
1034 1522
1080 1522
1080 1198

1057 1221
1034 1198
1034 1244
1080 1244
1080 1198

1057 1267
1034 1244
1034 1290
1080 1290
1080 1244

1057 1313
1034 1290
1034 1336
1080 1336
1080 1290

1057 1359
1034 1336
1034 1382
1080 1382
1080 1336

1057 1405
1034 1382
1034 1428
1080 1428
1080 1382

1057 1451
1034 1428
1034 1474
1080 1474
1080 1428

1057 1498
1034 1474
1034 1522
1080 1522
1080 1474
§
681 1521
681 1560
1080 1560
1080 1521

700 1540
681 1521
681 1560
720 1560
720 1521

739 1540
720 1521
720 1560
759 1560
759 1521

778 1540
759 1521
759 1560
798 1560
798 1521

817 1540
798 1521
798 1560
837 1560
837 1521

856 1540
837 1521
837 1560
876 1560
876 1521

895 1540
876 1521
876 1560
915 1560
915 1521

934 1540
915 1521
915 1560
954 1560
954 1521

973 1540
954 1521
954 1560
993 1560
993 1521

1012 1540
993 1521
993 1560
1032 1560
1032 1521

1056 1540
1032 1521
1032 1560
1080 1560
1080 1521
§
1034 1551
1034 2167
1079 2167
1079 1551

1056 1573
1034 1551
1034 1596
1079 1596
1079 1551

1056 1618
1034 1596
1034 1641
1079 1641
1079 1596

1056 1663
1034 1641
1034 1686
1079 1686
1079 1641

1056 1708
1034 1686
1034 1731
1079 1731
1079 1686

1056 1753
1034 1731
1034 1776
1079 1776
1079 1731

1056 1798
1034 1776
1034 1821
1079 1821
1079 1776

1056 1843
1034 1821
1034 1866
1079 1866
1079 1821

1056 1888
1034 1866
1034 1911
1079 1911
1079 1866

1056 1933
1034 1911
1034 1956
1079 1956
1079 1911

1056 1978
1034 1956
1034 2001
1079 2001
1079 1956

1056 2023
1034 2001
1034 2046
1079 2046
1079 2001

1056 2068
1034 2046
1034 2091
1079 2091
1079 2046

1056 2113
1034 2091
1034 2136
1079 2136
1079 2091

1056 2151
1034 2136
1034 2167
1079 2167
1079 2136
§
1032 2355
1032 2814
1081 2814
1081 2355

1056 2379
1032 2355
1032 2404
1081 2404
1081 2355

1056 2428
1032 2404
1032 2453
1081 2453
1081 2404

1056 2477
1032 2453
1032 2502
1081 2502
1081 2453

1056 2526
1032 2502
1032 2551
1081 2551
1081 2502

1056 2575
1032 2551
1032 2600
1081 2600
1081 2551

1056 2624
1032 2600
1032 2649
1081 2649
1081 2600

1056 2673
1032 2649
1032 2698
1081 2698
1081 2649

1056 2722
1032 2698
1032 2747
1081 2747
1081 2698

1056 2780
1032 2747
1032 2814
1081 2814
1081 2747
§
680 2450
680 2488
1031 2488
1031 2450

699 2469
680 2450
680 2488
718 2488
718 2450

737 2469
718 2450
718 2488
756 2488
756 2450

775 2469
756 2450
756 2488
794 2488
794 2450

813 2469
794 2450
794 2488
832 2488
832 2450

851 2469
832 2450
832 2488
870 2488
870 2450

889 2469
870 2450
870 2488
908 2488
908 2450

927 2469
908 2450
908 2488
946 2488
946 2450

965 2469
946 2450
946 2488
984 2488
984 2450

1007 2469
984 2450
984 2488
1031 2488
1031 2450
§
137 2450
137 2490
495 2490
495 2450

157 2470
137 2450
137 2490
177 2490
177 2450

197 2470
177 2450
177 2490
217 2490
217 2450

237 2470
217 2450
217 2490
257 2490
257 2450

277 2470
257 2450
257 2490
297 2490
297 2450

317 2470
297 2450
297 2490
337 2490
337 2450

357 2470
337 2450
337 2490
377 2490
377 2450

397 2470
377 2450
377 2490
417 2490
417 2450

437 2470
417 2450
417 2490
457 2490
457 2450

476 2470
457 2450
457 2490
495 2490
495 2450
§
1035 2999
1035 3357
1081 3357
1081 2999

1058 3022
1035 2999
1035 3045
1081 3045
1081 2999

1058 3068
1035 3045
1035 3091
1081 3091
1081 3045

1058 3114
1035 3091
1035 3137
1081 3137
1081 3091

1058 3160
1035 3137
1035 3183
1081 3183
1081 3137

1058 3206
1035 3183
1035 3229
1081 3229
1081 3183

1058 3252
1035 3229
1035 3275
1081 3275
1081 3229

1058 3298
1035 3275
1035 3321
1081 3321
1081 3275

1058 3339
1035 3321
1035 3357
1081 3357
1081 3321
§
1080 3317
1080 3365
1406 3365
1406 3317

1104 3341
1080 3317
1080 3365
1128 3365
1128 3317

1152 3341
1128 3317
1128 3365
1176 3365
1176 3317

1200 3341
1176 3317
1176 3365
1224 3365
1224 3317

1248 3341
1224 3317
1224 3365
1272 3365
1272 3317

1296 3341
1272 3317
1272 3365
1320 3365
1320 3317

1344 3341
1320 3317
1320 3365
1368 3365
1368 3317

1387 3341
1368 3317
1368 3365
1406 3365
1406 3317
§
133 1521
133 1561
493 1561
493 1521

153 1541
133 1521
133 1561
173 1561
173 1521

193 1541
173 1521
173 1561
213 1561
213 1521

233 1541
213 1521
213 1561
253 1561
253 1521

273 1541
253 1521
253 1561
293 1561
293 1521

313 1541
293 1521
293 1561
333 1561
333 1521

353 1541
333 1521
333 1561
373 1561
373 1521

393 1541
373 1521
373 1561
413 1561
413 1521

433 1541
413 1521
413 1561
453 1561
453 1521

473 1541
453 1521
453 1561
493 1561
493 1521
§
1037 3356
1037 3365
1097 3365
1097 3356

1041 3360
1037 3356
1037 3365
1046 3365
1046 3356

1050 3360
1046 3356
1046 3365
1055 3365
1055 3356

1059 3360
1055 3356
1055 3365
1064 3365
1064 3356

1068 3360
1064 3356
1064 3365
1073 3365
1073 3356

1077 3360
1073 3356
1073 3365
1082 3365
1082 3356

1086 3360
1082 3356
1082 3365
1091 3365
1091 3356

1094 3360
1091 3356
1091 3365
1097 3365
1097 3356
§
1577 3319
1577 3358
2300 3358
2300 3319

1596 3338
1577 3319
1577 3358
1616 3358
1616 3319

1635 3338
1616 3319
1616 3358
1655 3358
1655 3319

1674 3338
1655 3319
1655 3358
1694 3358
1694 3319

1713 3338
1694 3319
1694 3358
1733 3358
1733 3319

1752 3338
1733 3319
1733 3358
1772 3358
1772 3319

1791 3338
1772 3319
1772 3358
1811 3358
1811 3319

1830 3338
1811 3319
1811 3358
1850 3358
1850 3319

1869 3338
1850 3319
1850 3358
1889 3358
1889 3319

1908 3338
1889 3319
1889 3358
1928 3358
1928 3319

1947 3338
1928 3319
1928 3358
1967 3358
1967 3319

1986 3338
1967 3319
1967 3358
2006 3358
2006 3319

2025 3338
2006 3319
2006 3358
2045 3358
2045 3319

2064 3338
2045 3319
2045 3358
2084 3358
2084 3319

2103 3338
2084 3319
2084 3358
2123 3358
2123 3319

2142 3338
2123 3319
2123 3358
2162 3358
2162 3319

2181 3338
2162 3319
2162 3358
2201 3358
2201 3319

2220 3338
2201 3319
2201 3358
2240 3358
2240 3319

2259 3338
2240 3319
2240 3358
2279 3358
2279 3319

2289 3338
2279 3319
2279 3358
2300 3358
2300 3319
§
1936 3358
1936 3703
1975 3703
1975 3358

1955 3377
1936 3358
1936 3397
1975 3397
1975 3358

1955 3416
1936 3397
1936 3436
1975 3436
1975 3397

1955 3455
1936 3436
1936 3475
1975 3475
1975 3436

1955 3494
1936 3475
1936 3514
1975 3514
1975 3475

1955 3533
1936 3514
1936 3553
1975 3553
1975 3514

1955 3572
1936 3553
1936 3592
1975 3592
1975 3553

1955 3611
1936 3592
1936 3631
1975 3631
1975 3592

1955 3650
1936 3631
1936 3670
1975 3670
1975 3631

1955 3686
1936 3670
1936 3703
1975 3703
1975 3670
§
1934 3885
1934 4258
1973 4258
1973 3885

1953 3904
1934 3885
1934 3924
1973 3924
1973 3885

1953 3943
1934 3924
1934 3963
1973 3963
1973 3924

1953 3982
1934 3963
1934 4002
1973 4002
1973 3963

1953 4021
1934 4002
1934 4041
1973 4041
1973 4002

1953 4060
1934 4041
1934 4080
1973 4080
1973 4041

1953 4099
1934 4080
1934 4119
1973 4119
1973 4080

1953 4138
1934 4119
1934 4158
1973 4158
1973 4119

1953 4177
1934 4158
1934 4197
1973 4197
1973 4158

1953 4216
1934 4197
1934 4236
1973 4236
1973 4197

1953 4247
1934 4236
1934 4258
1973 4258
1973 4236
§
2482 3317
2482 3360
3197 3360
3197 3317

2503 3338
2482 3317
2482 3360
2525 3360
2525 3317

2546 3338
2525 3317
2525 3360
2568 3360
2568 3317

2589 3338
2568 3317
2568 3360
2611 3360
2611 3317

2632 3338
2611 3317
2611 3360
2654 3360
2654 3317

2675 3338
2654 3317
2654 3360
2697 3360
2697 3317

2718 3338
2697 3317
2697 3360
2740 3360
2740 3317

2761 3338
2740 3317
2740 3360
2783 3360
2783 3317

2804 3338
2783 3317
2783 3360
2826 3360
2826 3317

2847 3338
2826 3317
2826 3360
2869 3360
2869 3317

2890 3338
2869 3317
2869 3360
2912 3360
2912 3317

2933 3338
2912 3317
2912 3360
2955 3360
2955 3317

2976 3338
2955 3317
2955 3360
2998 3360
2998 3317

3019 3338
2998 3317
2998 3360
3041 3360
3041 3317

3062 3338
3041 3317
3041 3360
3084 3360
3084 3317

3105 3338
3084 3317
3084 3360
3127 3360
3127 3317

3148 3338
3127 3317
3127 3360
3170 3360
3170 3317

3183 3338
3170 3317
3170 3360
3197 3360
3197 3317
§
2835 3356
2835 3705
2876 3705
2876 3356

2855 3376
2835 3356
2835 3397
2876 3397
2876 3356

2855 3417
2835 3397
2835 3438
2876 3438
2876 3397

2855 3458
2835 3438
2835 3479
2876 3479
2876 3438

2855 3499
2835 3479
2835 3520
2876 3520
2876 3479

2855 3540
2835 3520
2835 3561
2876 3561
2876 3520

2855 3581
2835 3561
2835 3602
2876 3602
2876 3561

2855 3622
2835 3602
2835 3643
2876 3643
2876 3602

2855 3663
2835 3643
2835 3684
2876 3684
2876 3643

2855 3694
2835 3684
2835 3705
2876 3705
2876 3684
§
2834 3898
2834 4256
2874 4256
2874 3898

2854 3918
2834 3898
2834 3938
2874 3938
2874 3898

2854 3958
2834 3938
2834 3978
2874 3978
2874 3938

2854 3998
2834 3978
2834 4018
2874 4018
2874 3978

2854 4038
2834 4018
2834 4058
2874 4058
2874 4018

2854 4078
2834 4058
2834 4098
2874 4098
2874 4058

2854 4118
2834 4098
2834 4138
2874 4138
2874 4098

2854 4158
2834 4138
2834 4178
2874 4178
2874 4138

2854 4198
2834 4178
2834 4218
2874 4218
2874 4178

2854 4237
2834 4218
2834 4256
2874 4256
2874 4218
§
3380 3317
3380 3362
3780 3362
3780 3317

3402 3339
3380 3317
3380 3362
3425 3362
3425 3317

3447 3339
3425 3317
3425 3362
3470 3362
3470 3317

3492 3339
3470 3317
3470 3362
3515 3362
3515 3317

3537 3339
3515 3317
3515 3362
3560 3362
3560 3317

3582 3339
3560 3317
3560 3362
3605 3362
3605 3317

3627 3339
3605 3317
3605 3362
3650 3362
3650 3317

3672 3339
3650 3317
3650 3362
3695 3362
3695 3317

3717 3339
3695 3317
3695 3362
3740 3362
3740 3317

3760 3339
3740 3317
3740 3362
3780 3362
3780 3317
§
3734 3363
3734 3722
3779 3722
3779 3363

3756 3385
3734 3363
3734 3408
3779 3408
3779 3363

3756 3430
3734 3408
3734 3453
3779 3453
3779 3408

3756 3475
3734 3453
3734 3498
3779 3498
3779 3453

3756 3520
3734 3498
3734 3543
3779 3543
3779 3498

3756 3565
3734 3543
3734 3588
3779 3588
3779 3543

3756 3610
3734 3588
3734 3633
3779 3633
3779 3588

3756 3655
3734 3633
3734 3678
3779 3678
3779 3633

3756 3700
3734 3678
3734 3722
3779 3722
3779 3678
§
3732 3907
3732 4256
3780 4256
3780 3907

3756 3931
3732 3907
3732 3955
3780 3955
3780 3907

3756 3979
3732 3955
3732 4003
3780 4003
3780 3955

3756 4027
3732 4003
3732 4051
3780 4051
3780 4003

3756 4075
3732 4051
3732 4099
3780 4099
3780 4051

3756 4123
3732 4099
3732 4147
3780 4147
3780 4099

3756 4171
3732 4147
3732 4195
3780 4195
3780 4147

3756 4225
3732 4195
3732 4256
3780 4256
3780 4195
§
4092 3907
4092 4255
4137 4255
4137 3907

4114 3929
4092 3907
4092 3952
4137 3952
4137 3907

4114 3974
4092 3952
4092 3997
4137 3997
4137 3952

4114 4019
4092 3997
4092 4042
4137 4042
4137 3997

4114 4064
4092 4042
4092 4087
4137 4087
4137 4042

4114 4109
4092 4087
4092 4132
4137 4132
4137 4087

4114 4154
4092 4132
4092 4177
4137 4177
4137 4132

4114 4199
4092 4177
4092 4222
4137 4222
4137 4177

4114 4238
4092 4222
4092 4255
4137 4255
4137 4222
§
4092 3317
4092 3724
4139 3724
4139 3317

4115 3340
4092 3317
4092 3364
4139 3364
4139 3317

4115 3387
4092 3364
4092 3411
4139 3411
4139 3364

4115 3434
4092 3411
4092 3458
4139 3458
4139 3411

4115 3481
4092 3458
4092 3505
4139 3505
4139 3458

4115 3528
4092 3505
4092 3552
4139 3552
4139 3505

4115 3575
4092 3552
4092 3599
4139 3599
4139 3552

4115 3622
4092 3599
4092 3646
4139 3646
4139 3599

4115 3669
4092 3646
4092 3693
4139 3693
4139 3646

4115 3708
4092 3693
4092 3724
4139 3724
4139 3693
§
4140 3317
4140 3363
4488 3363
4488 3317

4163 3340
4140 3317
4140 3363
4186 3363
4186 3317

4209 3340
4186 3317
4186 3363
4232 3363
4232 3317

4255 3340
4232 3317
4232 3363
4278 3363
4278 3317

4301 3340
4278 3317
4278 3363
4324 3363
4324 3317

4347 3340
4324 3317
4324 3363
4370 3363
4370 3317

4393 3340
4370 3317
4370 3363
4416 3363
4416 3317

4439 3340
4416 3317
4416 3363
4462 3363
4462 3317

4475 3340
4462 3317
4462 3363
4488 3363
4488 3317
§
4679 3317
4679 3363
5642 3363
5642 3317

4702 3340
4679 3317
4679 3363
4725 3363
4725 3317

4748 3340
4725 3317
4725 3363
4771 3363
4771 3317

4794 3340
4771 3317
4771 3363
4817 3363
4817 3317

4840 3340
4817 3317
4817 3363
4863 3363
4863 3317

4886 3340
4863 3317
4863 3363
4909 3363
4909 3317

4932 3340
4909 3317
4909 3363
4955 3363
4955 3317

4978 3340
4955 3317
4955 3363
5001 3363
5001 3317

5024 3340
5001 3317
5001 3363
5047 3363
5047 3317

5070 3340
5047 3317
5047 3363
5093 3363
5093 3317

5116 3340
5093 3317
5093 3363
5139 3363
5139 3317

5162 3340
5139 3317
5139 3363
5185 3363
5185 3317

5208 3340
5185 3317
5185 3363
5231 3363
5231 3317

5254 3340
5231 3317
5231 3363
5277 3363
5277 3317

5300 3340
5277 3317
5277 3363
5323 3363
5323 3317

5346 3340
5323 3317
5323 3363
5369 3363
5369 3317

5392 3340
5369 3317
5369 3363
5415 3363
5415 3317

5438 3340
5415 3317
5415 3363
5461 3363
5461 3317

5484 3340
5461 3317
5461 3363
5507 3363
5507 3317

5530 3340
5507 3317
5507 3363
5553 3363
5553 3317

5576 3340
5553 3317
5553 3363
5599 3363
5599 3317

5620 3340
5599 3317
5599 3363
5642 3363
5642 3317
§
5016 3345
5016 3709
5057 3709
5057 3345

5036 3365
5016 3345
5016 3386
5057 3386
5057 3345

5036 3406
5016 3386
5016 3427
5057 3427
5057 3386

5036 3447
5016 3427
5016 3468
5057 3468
5057 3427

5036 3488
5016 3468
5016 3509
5057 3509
5057 3468

5036 3529
5016 3509
5016 3550
5057 3550
5057 3509

5036 3570
5016 3550
5016 3591
5057 3591
5057 3550

5036 3611
5016 3591
5016 3632
5057 3632
5057 3591

5036 3652
5016 3632
5016 3673
5057 3673
5057 3632

5036 3691
5016 3673
5016 3709
5057 3709
5057 3673
§
5016 3902
5016 4257
5056 4257
5056 3902

5036 3922
5016 3902
5016 3942
5056 3942
5056 3902

5036 3962
5016 3942
5016 3982
5056 3982
5056 3942

5036 4002
5016 3982
5016 4022
5056 4022
5056 3982

5036 4042
5016 4022
5016 4062
5056 4062
5056 4022

5036 4082
5016 4062
5016 4102
5056 4102
5056 4062

5036 4122
5016 4102
5016 4142
5056 4142
5056 4102

5036 4162
5016 4142
5016 4182
5056 4182
5056 4142

5036 4202
5016 4182
5016 4222
5056 4222
5056 4182

5036 4239
5016 4222
5016 4257
5056 4257
5056 4222
§
5826 3317
5826 3361
6291 3361
6291 3317

5848 3339
5826 3317
5826 3361
5870 3361
5870 3317

5892 3339
5870 3317
5870 3361
5914 3361
5914 3317

5936 3339
5914 3317
5914 3361
5958 3361
5958 3317

5980 3339
5958 3317
5958 3361
6002 3361
6002 3317

6024 3339
6002 3317
6002 3361
6046 3361
6046 3317

6068 3339
6046 3317
6046 3361
6090 3361
6090 3317

6112 3339
6090 3317
6090 3361
6134 3361
6134 3317

6156 3339
6134 3317
6134 3361
6178 3361
6178 3317

6200 3339
6178 3317
6178 3361
6222 3361
6222 3317

6244 3339
6222 3317
6222 3361
6266 3361
6266 3317

6278 3339
6266 3317
6266 3361
6291 3361
6291 3317
§
5922 3348
5922 3716
5961 3716
5961 3348

5941 3367
5922 3348
5922 3387
5961 3387
5961 3348

5941 3406
5922 3387
5922 3426
5961 3426
5961 3387

5941 3445
5922 3426
5922 3465
5961 3465
5961 3426

5941 3484
5922 3465
5922 3504
5961 3504
5961 3465

5941 3523
5922 3504
5922 3543
5961 3543
5961 3504

5941 3562
5922 3543
5922 3582
5961 3582
5961 3543

5941 3601
5922 3582
5922 3621
5961 3621
5961 3582

5941 3640
5922 3621
5922 3660
5961 3660
5961 3621

5941 3688
5922 3660
5922 3716
5961 3716
5961 3660
§
5922 3902
5922 4256
5962 4256
5962 3902

5942 3922
5922 3902
5922 3942
5962 3942
5962 3902

5942 3962
5922 3942
5922 3982
5962 3982
5962 3942

5942 4002
5922 3982
5922 4022
5962 4022
5962 3982

5942 4042
5922 4022
5922 4062
5962 4062
5962 4022

5942 4082
5922 4062
5922 4102
5962 4102
5962 4062

5942 4122
5922 4102
5922 4142
5962 4142
5962 4102

5942 4162
5922 4142
5922 4182
5962 4182
5962 4142

5942 4202
5922 4182
5922 4222
5962 4222
5962 4182

5942 4239
5922 4222
5922 4256
5962 4256
5962 4222
§
6474 3317
6474 3361
6830 3361
6830 3317

6496 3339
6474 3317
6474 3361
6518 3361
6518 3317

6540 3339
6518 3317
6518 3361
6562 3361
6562 3317

6584 3339
6562 3317
6562 3361
6606 3361
6606 3317

6628 3339
6606 3317
6606 3361
6650 3361
6650 3317

6672 3339
6650 3317
6650 3361
6694 3361
6694 3317

6716 3339
6694 3317
6694 3361
6738 3361
6738 3317

6760 3339
6738 3317
6738 3361
6782 3361
6782 3317

6806 3339
6782 3317
6782 3361
6830 3361
6830 3317
§
6786 1817
6786 2207
6824 2207
6824 1817

6805 1836
6786 1817
6786 1855
6824 1855
6824 1817

6805 1874
6786 1855
6786 1893
6824 1893
6824 1855

6805 1912
6786 1893
6786 1931
6824 1931
6824 1893

6805 1950
6786 1931
6786 1969
6824 1969
6824 1931

6805 1988
6786 1969
6786 2007
6824 2007
6824 1969

6805 2026
6786 2007
6786 2045
6824 2045
6824 2007

6805 2064
6786 2045
6786 2083
6824 2083
6824 2045

6805 2102
6786 2083
6786 2121
6824 2121
6824 2083

6805 2140
6786 2121
6786 2159
6824 2159
6824 2121

6805 2183
6786 2159
6786 2207
6824 2207
6824 2159
§
6796 1816
6796 1863
7143 1863
7143 1816

6819 1839
6796 1816
6796 1863
6843 1863
6843 1816

6866 1839
6843 1816
6843 1863
6890 1863
6890 1816

6913 1839
6890 1816
6890 1863
6937 1863
6937 1816

6960 1839
6937 1816
6937 1863
6984 1863
6984 1816

7007 1839
6984 1816
6984 1863
7031 1863
7031 1816

7054 1839
7031 1816
7031 1863
7078 1863
7078 1816

7110 1839
7078 1816
7078 1863
7143 1863
7143 1816
§
7323 1816
7323 1863
7690 1863
7690 1816

7346 1839
7323 1816
7323 1863
7370 1863
7370 1816

7393 1839
7370 1816
7370 1863
7417 1863
7417 1816

7440 1839
7417 1816
7417 1863
7464 1863
7464 1816

7487 1839
7464 1816
7464 1863
7511 1863
7511 1816

7534 1839
7511 1816
7511 1863
7558 1863
7558 1816

7581 1839
7558 1816
7558 1863
7605 1863
7605 1816

7628 1839
7605 1816
7605 1863
7652 1863
7652 1816

7671 1839
7652 1816
7652 1863
7690 1863
7690 1816
§
7529 1620
7529 1821
7578 1821
7578 1620

7553 1644
7529 1620
7529 1669
7578 1669
7578 1620

7553 1693
7529 1669
7529 1718
7578 1718
7578 1669

7553 1742
7529 1718
7529 1767
7578 1767
7578 1718

7553 1794
7529 1767
7529 1821
7578 1821
7578 1767
§
6936 1176
6936 1229
7147 1229
7147 1176

6962 1202
6936 1176
6936 1229
6989 1229
6989 1176

7015 1202
6989 1176
6989 1229
7042 1229
7042 1176

7068 1202
7042 1176
7042 1229
7095 1229
7095 1176

7121 1202
7095 1176
7095 1229
7147 1229
7147 1176
§
7332 1176
7332 1229
7530 1229
7530 1176

7358 1202
7332 1176
7332 1229
7385 1229
7385 1176

7411 1202
7385 1176
7385 1229
7438 1229
7438 1176

7464 1202
7438 1176
7438 1229
7491 1229
7491 1176

7510 1202
7491 1176
7491 1229
7530 1229
7530 1176
§
7529 976
7529 1433
7579 1433
7579 976

7554 1001
7529 976
7529 1026
7579 1026
7579 976

7554 1051
7529 1026
7529 1076
7579 1076
7579 1026

7554 1101
7529 1076
7529 1126
7579 1126
7579 1076

7554 1151
7529 1126
7529 1176
7579 1176
7579 1126

7554 1201
7529 1176
7529 1226
7579 1226
7579 1176

7554 1251
7529 1226
7529 1276
7579 1276
7579 1226

7554 1301
7529 1276
7529 1326
7579 1326
7579 1276

7554 1351
7529 1326
7529 1376
7579 1376
7579 1326

7554 1404
7529 1376
7529 1433
7579 1433
7579 1376
§
7576 1179
7576 1230
7801 1230
7801 1179

7601 1204
7576 1179
7576 1230
7627 1230
7627 1179

7652 1204
7627 1179
7627 1230
7678 1230
7678 1179

7703 1204
7678 1179
7678 1230
7729 1230
7729 1179

7765 1204
7729 1179
7729 1230
7801 1230
7801 1179
§
7987 1179
7987 1230
8173 1230
8173 1179

8012 1204
7987 1179
7987 1230
8038 1230
8038 1179

8063 1204
8038 1179
8038 1230
8089 1230
8089 1179

8114 1204
8089 1179
8089 1230
8140 1230
8140 1179

8156 1204
8140 1179
8140 1230
8173 1230
8173 1179
§
7528 584
7528 794
7584 794
7584 584

7556 612
7528 584
7528 640
7584 640
7584 584

7556 668
7528 640
7528 696
7584 696
7584 640

7556 724
7528 696
7528 752
7584 752
7584 696

7556 773
7528 752
7528 794
7584 794
7584 752
§
3739 657
3739 698
3840 698
3840 657

3759 677
3739 657
3739 698
3780 698
3780 657

3810 677
3780 657
3780 698
3840 698
3840 657
§
4027 657
4027 698
4151 698
4151 657

4047 677
4027 657
4027 698
4068 698
4068 657

4088 677
4068 657
4068 698
4109 698
4109 657

4130 677
4109 657
4109 698
4151 698
4151 657
§
6789 2391
6789 2798
6830 2798
6830 2391

6809 2411
6789 2391
6789 2432
6830 2432
6830 2391

6809 2452
6789 2432
6789 2473
6830 2473
6830 2432

6809 2493
6789 2473
6789 2514
6830 2514
6830 2473

6809 2534
6789 2514
6789 2555
6830 2555
6830 2514

6809 2575
6789 2555
6789 2596
6830 2596
6830 2555

6809 2616
6789 2596
6789 2637
6830 2637
6830 2596

6809 2657
6789 2637
6789 2678
6830 2678
6830 2637

6809 2698
6789 2678
6789 2719
6830 2719
6830 2678

6809 2739
6789 2719
6789 2760
6830 2760
6830 2719

6809 2779
6789 2760
6789 2798
6830 2798
6830 2760
§
