2704 1992 0 False 255 255 255 Door.png
3156 2377 180 False 255 255 255 Door.png
4773 5215 90 False 255 255 255 Door.png
4030 6805 180 False 255 255 255 Door.png
5274 7059 90 False 255 128 0 Door.png
6842 6269 270 False 255 255 255 Door.png
6847 5370 270 False 255 255 255 Door.png
7168 4687 90 False 255 255 255 Door.png
7160 3609 270 False 255 255 255 Door.png
6846 3577 270 False 255 255 255 Door.png
7306 2265 90 False 0 255 0 Door.png
6488 5893 180 False 255 255 255 Door.png
5165 2994 180 False 255 255 255 Door.png
5392 2587 270 False 255 255 255 Door.png
5809 2370 0 False 255 255 255 Door.png
1744 6811 180 False 255 255 255 Door.png
§