0 0
0 1067
878 1067
878 0

439 533
0 0
0 1067
878 1067
878 0
§
0 1250
0 2408
878 2408
878 1250

439 1829
0 1250
0 2408
878 2408
878 1250
§
878 1749
878 2408
1963 2408
1963 1749

1207 2078
878 1749
878 2408
1537 2408
1537 1749

1750 2078
1537 1749
1537 2408
1963 2408
1963 1749
§
1963 2380
1963 2408
3025 2408
3025 2380

1977 2394
1963 2380
1963 2408
1991 2408
1991 2380

2005 2394
1991 2380
1991 2408
2019 2408
2019 2380

2033 2394
2019 2380
2019 2408
2047 2408
2047 2380

2061 2394
2047 2380
2047 2408
2075 2408
2075 2380

2089 2394
2075 2380
2075 2408
2103 2408
2103 2380

2117 2394
2103 2380
2103 2408
2131 2408
2131 2380

2145 2394
2131 2380
2131 2408
2159 2408
2159 2380

2173 2394
2159 2380
2159 2408
2187 2408
2187 2380

2201 2394
2187 2380
2187 2408
2215 2408
2215 2380

2229 2394
2215 2380
2215 2408
2243 2408
2243 2380

2257 2394
2243 2380
2243 2408
2271 2408
2271 2380

2285 2394
2271 2380
2271 2408
2299 2408
2299 2380

2313 2394
2299 2380
2299 2408
2327 2408
2327 2380

2341 2394
2327 2380
2327 2408
2355 2408
2355 2380

2369 2394
2355 2380
2355 2408
2383 2408
2383 2380

2397 2394
2383 2380
2383 2408
2411 2408
2411 2380

2425 2394
2411 2380
2411 2408
2439 2408
2439 2380

2453 2394
2439 2380
2439 2408
2467 2408
2467 2380

2481 2394
2467 2380
2467 2408
2495 2408
2495 2380

2509 2394
2495 2380
2495 2408
2523 2408
2523 2380

2537 2394
2523 2380
2523 2408
2551 2408
2551 2380

2565 2394
2551 2380
2551 2408
2579 2408
2579 2380

2593 2394
2579 2380
2579 2408
2607 2408
2607 2380

2621 2394
2607 2380
2607 2408
2635 2408
2635 2380

2649 2394
2635 2380
2635 2408
2663 2408
2663 2380

2677 2394
2663 2380
2663 2408
2691 2408
2691 2380

2705 2394
2691 2380
2691 2408
2719 2408
2719 2380

2733 2394
2719 2380
2719 2408
2747 2408
2747 2380

2761 2394
2747 2380
2747 2408
2775 2408
2775 2380

2789 2394
2775 2380
2775 2408
2803 2408
2803 2380

2817 2394
2803 2380
2803 2408
2831 2408
2831 2380

2845 2394
2831 2380
2831 2408
2859 2408
2859 2380

2873 2394
2859 2380
2859 2408
2887 2408
2887 2380

2901 2394
2887 2380
2887 2408
2915 2408
2915 2380

2929 2394
2915 2380
2915 2408
2943 2408
2943 2380

2957 2394
2943 2380
2943 2408
2971 2408
2971 2380

2985 2394
2971 2380
2971 2408
2999 2408
2999 2380

3012 2394
2999 2380
2999 2408
3025 2408
3025 2380
§
3207 2380
3207 2408
3363 2408
3363 2380

3221 2394
3207 2380
3207 2408
3235 2408
3235 2380

3249 2394
3235 2380
3235 2408
3263 2408
3263 2380

3277 2394
3263 2380
3263 2408
3291 2408
3291 2380

3305 2394
3291 2380
3291 2408
3319 2408
3319 2380

3333 2394
3319 2380
3319 2408
3347 2408
3347 2380

3355 2394
3347 2380
3347 2408
3363 2408
3363 2380
§
1963 1749
1963 1778
2680 1778
2680 1749

1977 1763
1963 1749
1963 1778
1992 1778
1992 1749

2006 1763
1992 1749
1992 1778
2021 1778
2021 1749

2035 1763
2021 1749
2021 1778
2050 1778
2050 1749

2064 1763
2050 1749
2050 1778
2079 1778
2079 1749

2093 1763
2079 1749
2079 1778
2108 1778
2108 1749

2122 1763
2108 1749
2108 1778
2137 1778
2137 1749

2151 1763
2137 1749
2137 1778
2166 1778
2166 1749

2180 1763
2166 1749
2166 1778
2195 1778
2195 1749

2209 1763
2195 1749
2195 1778
2224 1778
2224 1749

2238 1763
2224 1749
2224 1778
2253 1778
2253 1749

2267 1763
2253 1749
2253 1778
2282 1778
2282 1749

2296 1763
2282 1749
2282 1778
2311 1778
2311 1749

2325 1763
2311 1749
2311 1778
2340 1778
2340 1749

2354 1763
2340 1749
2340 1778
2369 1778
2369 1749

2383 1763
2369 1749
2369 1778
2398 1778
2398 1749

2412 1763
2398 1749
2398 1778
2427 1778
2427 1749

2441 1763
2427 1749
2427 1778
2456 1778
2456 1749

2470 1763
2456 1749
2456 1778
2485 1778
2485 1749

2499 1763
2485 1749
2485 1778
2514 1778
2514 1749

2528 1763
2514 1749
2514 1778
2543 1778
2543 1749

2557 1763
2543 1749
2543 1778
2572 1778
2572 1749

2586 1763
2572 1749
2572 1778
2601 1778
2601 1749

2615 1763
2601 1749
2601 1778
2630 1778
2630 1749

2644 1763
2630 1749
2630 1778
2659 1778
2659 1749

2669 1763
2659 1749
2659 1778
2680 1778
2680 1749
§
2863 1749
2863 1778
3363 1778
3363 1749

2877 1763
2863 1749
2863 1778
2892 1778
2892 1749

2906 1763
2892 1749
2892 1778
2921 1778
2921 1749

2935 1763
2921 1749
2921 1778
2950 1778
2950 1749

2964 1763
2950 1749
2950 1778
2979 1778
2979 1749

2993 1763
2979 1749
2979 1778
3008 1778
3008 1749

3022 1763
3008 1749
3008 1778
3037 1778
3037 1749

3051 1763
3037 1749
3037 1778
3066 1778
3066 1749

3080 1763
3066 1749
3066 1778
3095 1778
3095 1749

3109 1763
3095 1749
3095 1778
3124 1778
3124 1749

3138 1763
3124 1749
3124 1778
3153 1778
3153 1749

3167 1763
3153 1749
3153 1778
3182 1778
3182 1749

3196 1763
3182 1749
3182 1778
3211 1778
3211 1749

3225 1763
3211 1749
3211 1778
3240 1778
3240 1749

3254 1763
3240 1749
3240 1778
3269 1778
3269 1749

3283 1763
3269 1749
3269 1778
3298 1778
3298 1749

3312 1763
3298 1749
3298 1778
3327 1778
3327 1749

3345 1763
3327 1749
3327 1778
3363 1778
3363 1749
§
878 0
878 113
3656 113
3656 0

934 56
878 0
878 113
991 113
991 0

1047 56
991 0
991 113
1104 113
1104 0

1160 56
1104 0
1104 113
1217 113
1217 0

1273 56
1217 0
1217 113
1330 113
1330 0

1386 56
1330 0
1330 113
1443 113
1443 0

1499 56
1443 0
1443 113
1556 113
1556 0

1612 56
1556 0
1556 113
1669 113
1669 0

1725 56
1669 0
1669 113
1782 113
1782 0

1838 56
1782 0
1782 113
1895 113
1895 0

1951 56
1895 0
1895 113
2008 113
2008 0

2064 56
2008 0
2008 113
2121 113
2121 0

2177 56
2121 0
2121 113
2234 113
2234 0

2290 56
2234 0
2234 113
2347 113
2347 0

2403 56
2347 0
2347 113
2460 113
2460 0

2516 56
2460 0
2460 113
2573 113
2573 0

2629 56
2573 0
2573 113
2686 113
2686 0

2742 56
2686 0
2686 113
2799 113
2799 0

2855 56
2799 0
2799 113
2912 113
2912 0

2968 56
2912 0
2912 113
3025 113
3025 0

3081 56
3025 0
3025 113
3138 113
3138 0

3194 56
3138 0
3138 113
3251 113
3251 0

3307 56
3251 0
3251 113
3364 113
3364 0

3420 56
3364 0
3364 113
3477 113
3477 0

3533 56
3477 0
3477 113
3590 113
3590 0

3623 56
3590 0
3590 113
3656 113
3656 0
§
1933 113
1933 1044
3655 1044
3655 113

2398 578
1933 113
1933 1044
2864 1044
2864 113

3259 578
2864 113
2864 1044
3655 1044
3655 113
§
3363 1044
3363 5650
3655 5650
3655 1044

3509 1190
3363 1044
3363 1336
3655 1336
3655 1044

3509 1482
3363 1336
3363 1628
3655 1628
3655 1336

3509 1774
3363 1628
3363 1920
3655 1920
3655 1628

3509 2066
3363 1920
3363 2212
3655 2212
3655 1920

3509 2358
3363 2212
3363 2504
3655 2504
3655 2212

3509 2650
3363 2504
3363 2796
3655 2796
3655 2504

3509 2942
3363 2796
3363 3088
3655 3088
3655 2796

3509 3234
3363 3088
3363 3380
3655 3380
3655 3088

3509 3526
3363 3380
3363 3672
3655 3672
3655 3380

3509 3818
3363 3672
3363 3964
3655 3964
3655 3672

3509 4110
3363 3964
3363 4256
3655 4256
3655 3964

3509 4402
3363 4256
3363 4548
3655 4548
3655 4256

3509 4694
3363 4548
3363 4840
3655 4840
3655 4548

3509 4986
3363 4840
3363 5132
3655 5132
3655 4840

3509 5278
3363 5132
3363 5424
3655 5424
3655 5132

3509 5537
3363 5424
3363 5650
3655 5650
3655 5424
§
0 2408
0 2709
151 2709
151 2408

75 2483
0 2408
0 2559
151 2559
151 2408

75 2634
0 2559
0 2709
151 2709
151 2559
§
0 2709
0 3468
2162 3468
2162 2709

379 3088
0 2709
0 3468
759 3468
759 2709

1138 3088
759 2709
759 3468
1518 3468
1518 2709

1840 3088
1518 2709
1518 3468
2162 3468
2162 2709
§
0 3468
0 4736
1816 4736
1816 3468

908 4102
0 3468
0 4736
1816 4736
1816 3468
§
2162 2709
2162 2738
3024 2738
3024 2709

2176 2723
2162 2709
2162 2738
2191 2738
2191 2709

2205 2723
2191 2709
2191 2738
2220 2738
2220 2709

2234 2723
2220 2709
2220 2738
2249 2738
2249 2709

2263 2723
2249 2709
2249 2738
2278 2738
2278 2709

2292 2723
2278 2709
2278 2738
2307 2738
2307 2709

2321 2723
2307 2709
2307 2738
2336 2738
2336 2709

2350 2723
2336 2709
2336 2738
2365 2738
2365 2709

2379 2723
2365 2709
2365 2738
2394 2738
2394 2709

2408 2723
2394 2709
2394 2738
2423 2738
2423 2709

2437 2723
2423 2709
2423 2738
2452 2738
2452 2709

2466 2723
2452 2709
2452 2738
2481 2738
2481 2709

2495 2723
2481 2709
2481 2738
2510 2738
2510 2709

2524 2723
2510 2709
2510 2738
2539 2738
2539 2709

2553 2723
2539 2709
2539 2738
2568 2738
2568 2709

2582 2723
2568 2709
2568 2738
2597 2738
2597 2709

2611 2723
2597 2709
2597 2738
2626 2738
2626 2709

2640 2723
2626 2709
2626 2738
2655 2738
2655 2709

2669 2723
2655 2709
2655 2738
2684 2738
2684 2709

2698 2723
2684 2709
2684 2738
2713 2738
2713 2709

2727 2723
2713 2709
2713 2738
2742 2738
2742 2709

2756 2723
2742 2709
2742 2738
2771 2738
2771 2709

2785 2723
2771 2709
2771 2738
2800 2738
2800 2709

2814 2723
2800 2709
2800 2738
2829 2738
2829 2709

2843 2723
2829 2709
2829 2738
2858 2738
2858 2709

2872 2723
2858 2709
2858 2738
2887 2738
2887 2709

2901 2723
2887 2709
2887 2738
2916 2738
2916 2709

2930 2723
2916 2709
2916 2738
2945 2738
2945 2709

2959 2723
2945 2709
2945 2738
2974 2738
2974 2709

2988 2723
2974 2709
2974 2738
3003 2738
3003 2709

3013 2723
3003 2709
3003 2738
3024 2738
3024 2709
§
3207 2709
3207 2738
3363 2738
3363 2709

3221 2723
3207 2709
3207 2738
3236 2738
3236 2709

3250 2723
3236 2709
3236 2738
3265 2738
3265 2709

3279 2723
3265 2709
3265 2738
3294 2738
3294 2709

3308 2723
3294 2709
3294 2738
3323 2738
3323 2709

3343 2723
3323 2709
3323 2738
3363 2738
3363 2709
§
2162 3439
2162 3468
2614 3468
2614 3439

2176 3453
2162 3439
2162 3468
2191 3468
2191 3439

2205 3453
2191 3439
2191 3468
2220 3468
2220 3439

2234 3453
2220 3439
2220 3468
2249 3468
2249 3439

2263 3453
2249 3439
2249 3468
2278 3468
2278 3439

2292 3453
2278 3439
2278 3468
2307 3468
2307 3439

2321 3453
2307 3439
2307 3468
2336 3468
2336 3439

2350 3453
2336 3439
2336 3468
2365 3468
2365 3439

2379 3453
2365 3439
2365 3468
2394 3468
2394 3439

2408 3453
2394 3439
2394 3468
2423 3468
2423 3439

2437 3453
2423 3439
2423 3468
2452 3468
2452 3439

2466 3453
2452 3439
2452 3468
2481 3468
2481 3439

2495 3453
2481 3439
2481 3468
2510 3468
2510 3439

2524 3453
2510 3439
2510 3468
2539 3468
2539 3439

2553 3453
2539 3439
2539 3468
2568 3468
2568 3439

2582 3453
2568 3439
2568 3468
2597 3468
2597 3439

2605 3453
2597 3439
2597 3468
2614 3468
2614 3439
§
2797 3439
2797 3468
3363 3468
3363 3439

2811 3453
2797 3439
2797 3468
2826 3468
2826 3439

2840 3453
2826 3439
2826 3468
2855 3468
2855 3439

2869 3453
2855 3439
2855 3468
2884 3468
2884 3439

2898 3453
2884 3439
2884 3468
2913 3468
2913 3439

2927 3453
2913 3439
2913 3468
2942 3468
2942 3439

2956 3453
2942 3439
2942 3468
2971 3468
2971 3439

2985 3453
2971 3439
2971 3468
3000 3468
3000 3439

3014 3453
3000 3439
3000 3468
3029 3468
3029 3439

3043 3453
3029 3439
3029 3468
3058 3468
3058 3439

3072 3453
3058 3439
3058 3468
3087 3468
3087 3439

3101 3453
3087 3439
3087 3468
3116 3468
3116 3439

3130 3453
3116 3439
3116 3468
3145 3468
3145 3439

3159 3453
3145 3439
3145 3468
3174 3468
3174 3439

3188 3453
3174 3439
3174 3468
3203 3468
3203 3439

3217 3453
3203 3439
3203 3468
3232 3468
3232 3439

3246 3453
3232 3439
3232 3468
3261 3468
3261 3439

3275 3453
3261 3439
3261 3468
3290 3468
3290 3439

3304 3453
3290 3439
3290 3468
3319 3468
3319 3439

3333 3453
3319 3439
3319 3468
3348 3468
3348 3439

3355 3453
3348 3439
3348 3468
3363 3468
3363 3439
§
2833 3468
2833 3821
3363 3821
3363 3468

3009 3644
2833 3468
2833 3821
3186 3821
3186 3468

3274 3644
3186 3468
3186 3821
3363 3821
3363 3468
§
2169 3821
2169 3956
3363 3956
3363 3821

2236 3888
2169 3821
2169 3956
2304 3956
2304 3821

2371 3888
2304 3821
2304 3956
2439 3956
2439 3821

2506 3888
2439 3821
2439 3956
2574 3956
2574 3821

2641 3888
2574 3821
2574 3956
2709 3956
2709 3821

2776 3888
2709 3821
2709 3956
2844 3956
2844 3821

2911 3888
2844 3821
2844 3956
2979 3956
2979 3821

3046 3888
2979 3821
2979 3956
3114 3956
3114 3821

3181 3888
3114 3821
3114 3956
3249 3956
3249 3821

3306 3888
3249 3821
3249 3956
3363 3956
3363 3821
§
1816 3927
1816 3956
1986 3956
1986 3927

1830 3941
1816 3927
1816 3956
1845 3956
1845 3927

1859 3941
1845 3927
1845 3956
1874 3956
1874 3927

1888 3941
1874 3927
1874 3956
1903 3956
1903 3927

1917 3941
1903 3927
1903 3956
1932 3956
1932 3927

1946 3941
1932 3927
1932 3956
1961 3956
1961 3927

1973 3941
1961 3927
1961 3956
1986 3956
1986 3927
§
2817 3956
2817 5650
3363 5650
3363 3956

3090 4229
2817 3956
2817 4502
3363 4502
3363 3956

3090 4775
2817 4502
2817 5048
3363 5048
3363 4502

3090 5349
2817 5048
2817 5650
3363 5650
3363 5048
§
1816 4707
1816 4736
2534 4736
2534 4707

1830 4721
1816 4707
1816 4736
1845 4736
1845 4707

1859 4721
1845 4707
1845 4736
1874 4736
1874 4707

1888 4721
1874 4707
1874 4736
1903 4736
1903 4707

1917 4721
1903 4707
1903 4736
1932 4736
1932 4707

1946 4721
1932 4707
1932 4736
1961 4736
1961 4707

1975 4721
1961 4707
1961 4736
1990 4736
1990 4707

2004 4721
1990 4707
1990 4736
2019 4736
2019 4707

2033 4721
2019 4707
2019 4736
2048 4736
2048 4707

2062 4721
2048 4707
2048 4736
2077 4736
2077 4707

2091 4721
2077 4707
2077 4736
2106 4736
2106 4707

2120 4721
2106 4707
2106 4736
2135 4736
2135 4707

2149 4721
2135 4707
2135 4736
2164 4736
2164 4707

2178 4721
2164 4707
2164 4736
2193 4736
2193 4707

2207 4721
2193 4707
2193 4736
2222 4736
2222 4707

2236 4721
2222 4707
2222 4736
2251 4736
2251 4707

2265 4721
2251 4707
2251 4736
2280 4736
2280 4707

2294 4721
2280 4707
2280 4736
2309 4736
2309 4707

2323 4721
2309 4707
2309 4736
2338 4736
2338 4707

2352 4721
2338 4707
2338 4736
2367 4736
2367 4707

2381 4721
2367 4707
2367 4736
2396 4736
2396 4707

2410 4721
2396 4707
2396 4736
2425 4736
2425 4707

2439 4721
2425 4707
2425 4736
2454 4736
2454 4707

2468 4721
2454 4707
2454 4736
2483 4736
2483 4707

2497 4721
2483 4707
2483 4736
2512 4736
2512 4707

2523 4721
2512 4707
2512 4736
2534 4736
2534 4707
§
2717 4707
2717 4736
2817 4736
2817 4707

2731 4721
2717 4707
2717 4736
2746 4736
2746 4707

2760 4721
2746 4707
2746 4736
2775 4736
2775 4707

2796 4721
2775 4707
2775 4736
2817 4736
2817 4707
§
0 4736
0 5650
616 5650
616 4736

308 5193
0 4736
0 5650
616 5650
616 4736
§
616 4887
616 5650
1816 5650
1816 4887

997 5268
616 4887
616 5650
1379 5650
1379 4887

1597 5268
1379 4887
1379 5650
1816 5650
1816 4887
§
1816 4887
1816 4915
2534 4915
2534 4887

1830 4901
1816 4887
1816 4915
1844 4915
1844 4887

1858 4901
1844 4887
1844 4915
1872 4915
1872 4887

1886 4901
1872 4887
1872 4915
1900 4915
1900 4887

1914 4901
1900 4887
1900 4915
1928 4915
1928 4887

1942 4901
1928 4887
1928 4915
1956 4915
1956 4887

1970 4901
1956 4887
1956 4915
1984 4915
1984 4887

1998 4901
1984 4887
1984 4915
2012 4915
2012 4887

2026 4901
2012 4887
2012 4915
2040 4915
2040 4887

2054 4901
2040 4887
2040 4915
2068 4915
2068 4887

2082 4901
2068 4887
2068 4915
2096 4915
2096 4887

2110 4901
2096 4887
2096 4915
2124 4915
2124 4887

2138 4901
2124 4887
2124 4915
2152 4915
2152 4887

2166 4901
2152 4887
2152 4915
2180 4915
2180 4887

2194 4901
2180 4887
2180 4915
2208 4915
2208 4887

2222 4901
2208 4887
2208 4915
2236 4915
2236 4887

2250 4901
2236 4887
2236 4915
2264 4915
2264 4887

2278 4901
2264 4887
2264 4915
2292 4915
2292 4887

2306 4901
2292 4887
2292 4915
2320 4915
2320 4887

2334 4901
2320 4887
2320 4915
2348 4915
2348 4887

2362 4901
2348 4887
2348 4915
2376 4915
2376 4887

2390 4901
2376 4887
2376 4915
2404 4915
2404 4887

2418 4901
2404 4887
2404 4915
2432 4915
2432 4887

2446 4901
2432 4887
2432 4915
2460 4915
2460 4887

2474 4901
2460 4887
2460 4915
2488 4915
2488 4887

2502 4901
2488 4887
2488 4915
2516 4915
2516 4887

2525 4901
2516 4887
2516 4915
2534 4915
2534 4887
§
2716 4887
2716 4916
2817 4916
2817 4887

2730 4901
2716 4887
2716 4916
2745 4916
2745 4887

2759 4901
2745 4887
2745 4916
2774 4916
2774 4887

2795 4901
2774 4887
2774 4916
2817 4916
2817 4887
§
1816 5517
1816 5650
1986 5650
1986 5517

1901 5583
1816 5517
1816 5650
1986 5650
1986 5517
§
1986 5543
1986 5650
2187 5650
2187 5543

2039 5596
1986 5543
1986 5650
2093 5650
2093 5543

2140 5596
2093 5543
2093 5650
2187 5650
2187 5543
§
2187 5517
2187 5650
2446 5650
2446 5517

2253 5583
2187 5517
2187 5650
2320 5650
2320 5517

2383 5583
2320 5517
2320 5650
2446 5650
2446 5517
§
2446 5542
2446 5650
2647 5650
2647 5542

2500 5596
2446 5542
2446 5650
2554 5650
2554 5542

2600 5596
2554 5542
2554 5650
2647 5650
2647 5542
§
2647 5517
2647 5650
2817 5650
2817 5517

2732 5583
2647 5517
2647 5650
2817 5650
2817 5517
§
7 1063
7 1252
266 1252
266 1063

136 1157
7 1063
7 1252
266 1252
266 1063
§
