585 4887
585 5546
1817 5546
1817 4887
§
2816 3927
2816 5649
3114 5649
3114 3927
§
1787 5517
1787 5649
2846 5649
2846 5517
§
1815 4888
1815 4916
2534 4916
2534 4888
§
2718 4888
2718 4912
2817 4912
2817 4888
§
2718 4706
2718 4736
2847 4736
2847 4706
§
307 4699
307 4950
616 4950
616 4699
§
508 3422
508 4734
1817 4734
1817 3422
§
1787 4707
1787 4737
2533 4737
2533 4707
§
1787 3928
1787 3955
1986 3955
1986 3928
§
2169 3820
2169 3953
2868 3953
2868 3820
§
122 2709
122 3467
2161 3467
2161 2709
§
2133 3439
2133 3467
2615 3467
2615 3439
§
2798 3439
2798 3466
2864 3466
2864 3439
§
2834 3439
2834 3862
3393 3862
3393 3439
§
2133 2709
2133 2738
3024 2738
3024 2709
§
3207 2709
3207 2736
3392 2736
3392 2709
§
3363 1014
3363 3469
3653 3469
3653 1014
§
3208 2380
3208 2408
3393 2408
3393 2380
§
1933 2379
1933 2408
3024 2408
3024 2379
§
0 2379
0 2738
151 2738
151 2379
§
96 1750
96 2407
1963 2407
1963 1750
§
1933 1749
1933 1776
2682 1776
2682 1749
§
2863 1748
2863 1777
3393 1777
3393 1748
§
1 1248
1 1778
879 1778
879 1248
§
0 36
0 1067
878 1067
878 36
§
846 0
846 113
1962 113
1962 0
§
1933 89
1933 1043
3392 1043
3392 89
§
