914 5216
585 4887
585 5546
1244 5546
1244 4887
§
1530 5216
1244 4887
1244 5546
1817 5546
1817 4887
§
2965 4076
2816 3927
2816 4225
3114 4225
3114 3927
§
2965 4374
2816 4225
2816 4523
3114 4523
3114 4225
§
2965 4672
2816 4523
2816 4821
3114 4821
3114 4523
§
2965 4970
2816 4821
2816 5119
3114 5119
3114 4821
§
2965 5268
2816 5119
2816 5417
3114 5417
3114 5119
§
2965 5533
2816 5417
2816 5649
3114 5649
3114 5417
§
1853 5583
1787 5517
1787 5649
1919 5649
1919 5517
§
1985 5583
1919 5517
1919 5649
2051 5649
2051 5517
§
2117 5583
2051 5517
2051 5649
2183 5649
2183 5517
§
2249 5583
2183 5517
2183 5649
2315 5649
2315 5517
§
2381 5583
2315 5517
2315 5649
2447 5649
2447 5517
§
2513 5583
2447 5517
2447 5649
2579 5649
2579 5517
§
2645 5583
2579 5517
2579 5649
2711 5649
2711 5517
§
2778 5583
2711 5517
2711 5649
2846 5649
2846 5517
§
1829 4902
1815 4888
1815 4916
1843 4916
1843 4888
§
1857 4902
1843 4888
1843 4916
1871 4916
1871 4888
§
1885 4902
1871 4888
1871 4916
1899 4916
1899 4888
§
1913 4902
1899 4888
1899 4916
1927 4916
1927 4888
§
1941 4902
1927 4888
1927 4916
1955 4916
1955 4888
§
1969 4902
1955 4888
1955 4916
1983 4916
1983 4888
§
1997 4902
1983 4888
1983 4916
2011 4916
2011 4888
§
2025 4902
2011 4888
2011 4916
2039 4916
2039 4888
§
2053 4902
2039 4888
2039 4916
2067 4916
2067 4888
§
2081 4902
2067 4888
2067 4916
2095 4916
2095 4888
§
2109 4902
2095 4888
2095 4916
2123 4916
2123 4888
§
2137 4902
2123 4888
2123 4916
2151 4916
2151 4888
§
2165 4902
2151 4888
2151 4916
2179 4916
2179 4888
§
2193 4902
2179 4888
2179 4916
2207 4916
2207 4888
§
2221 4902
2207 4888
2207 4916
2235 4916
2235 4888
§
2249 4902
2235 4888
2235 4916
2263 4916
2263 4888
§
2277 4902
2263 4888
2263 4916
2291 4916
2291 4888
§
2305 4902
2291 4888
2291 4916
2319 4916
2319 4888
§
2333 4902
2319 4888
2319 4916
2347 4916
2347 4888
§
2361 4902
2347 4888
2347 4916
2375 4916
2375 4888
§
2389 4902
2375 4888
2375 4916
2403 4916
2403 4888
§
2417 4902
2403 4888
2403 4916
2431 4916
2431 4888
§
2445 4902
2431 4888
2431 4916
2459 4916
2459 4888
§
2473 4902
2459 4888
2459 4916
2487 4916
2487 4888
§
2501 4902
2487 4888
2487 4916
2515 4916
2515 4888
§
2524 4902
2515 4888
2515 4916
2534 4916
2534 4888
§
2730 4900
2718 4888
2718 4912
2742 4912
2742 4888
§
2754 4900
2742 4888
2742 4912
2766 4912
2766 4888
§
2778 4900
2766 4888
2766 4912
2790 4912
2790 4888
§
2803 4900
2790 4888
2790 4912
2817 4912
2817 4888
§
2733 4721
2718 4706
2718 4736
2748 4736
2748 4706
§
2763 4721
2748 4706
2748 4736
2778 4736
2778 4706
§
2793 4721
2778 4706
2778 4736
2808 4736
2808 4706
§
2827 4721
2808 4706
2808 4736
2847 4736
2847 4706
§
461 4824
307 4699
307 4950
616 4950
616 4699
§
1162 4078
508 3422
508 4734
1817 4734
1817 3422
§
1802 4722
1787 4707
1787 4737
1817 4737
1817 4707
§
1832 4722
1817 4707
1817 4737
1847 4737
1847 4707
§
1862 4722
1847 4707
1847 4737
1877 4737
1877 4707
§
1892 4722
1877 4707
1877 4737
1907 4737
1907 4707
§
1922 4722
1907 4707
1907 4737
1937 4737
1937 4707
§
1952 4722
1937 4707
1937 4737
1967 4737
1967 4707
§
1982 4722
1967 4707
1967 4737
1997 4737
1997 4707
§
2012 4722
1997 4707
1997 4737
2027 4737
2027 4707
§
2042 4722
2027 4707
2027 4737
2057 4737
2057 4707
§
2072 4722
2057 4707
2057 4737
2087 4737
2087 4707
§
2102 4722
2087 4707
2087 4737
2117 4737
2117 4707
§
2132 4722
2117 4707
2117 4737
2147 4737
2147 4707
§
2162 4722
2147 4707
2147 4737
2177 4737
2177 4707
§
2192 4722
2177 4707
2177 4737
2207 4737
2207 4707
§
2222 4722
2207 4707
2207 4737
2237 4737
2237 4707
§
2252 4722
2237 4707
2237 4737
2267 4737
2267 4707
§
2282 4722
2267 4707
2267 4737
2297 4737
2297 4707
§
2312 4722
2297 4707
2297 4737
2327 4737
2327 4707
§
2342 4722
2327 4707
2327 4737
2357 4737
2357 4707
§
2372 4722
2357 4707
2357 4737
2387 4737
2387 4707
§
2402 4722
2387 4707
2387 4737
2417 4737
2417 4707
§
2432 4722
2417 4707
2417 4737
2447 4737
2447 4707
§
2462 4722
2447 4707
2447 4737
2477 4737
2477 4707
§
2492 4722
2477 4707
2477 4737
2507 4737
2507 4707
§
2520 4722
2507 4707
2507 4737
2533 4737
2533 4707
§
1800 3941
1787 3928
1787 3955
1814 3955
1814 3928
§
1827 3941
1814 3928
1814 3955
1841 3955
1841 3928
§
1854 3941
1841 3928
1841 3955
1868 3955
1868 3928
§
1881 3941
1868 3928
1868 3955
1895 3955
1895 3928
§
1908 3941
1895 3928
1895 3955
1922 3955
1922 3928
§
1935 3941
1922 3928
1922 3955
1949 3955
1949 3928
§
1967 3941
1949 3928
1949 3955
1986 3955
1986 3928
§
2235 3886
2169 3820
2169 3953
2302 3953
2302 3820
§
2368 3886
2302 3820
2302 3953
2435 3953
2435 3820
§
2501 3886
2435 3820
2435 3953
2568 3953
2568 3820
§
2634 3886
2568 3820
2568 3953
2701 3953
2701 3820
§
2784 3886
2701 3820
2701 3953
2868 3953
2868 3820
§
501 3088
122 2709
122 3467
880 3467
880 2709
§
1259 3088
880 2709
880 3467
1638 3467
1638 2709
§
1899 3088
1638 2709
1638 3467
2161 3467
2161 2709
§
2147 3453
2133 3439
2133 3467
2161 3467
2161 3439
§
2175 3453
2161 3439
2161 3467
2189 3467
2189 3439
§
2203 3453
2189 3439
2189 3467
2217 3467
2217 3439
§
2231 3453
2217 3439
2217 3467
2245 3467
2245 3439
§
2259 3453
2245 3439
2245 3467
2273 3467
2273 3439
§
2287 3453
2273 3439
2273 3467
2301 3467
2301 3439
§
2315 3453
2301 3439
2301 3467
2329 3467
2329 3439
§
2343 3453
2329 3439
2329 3467
2357 3467
2357 3439
§
2371 3453
2357 3439
2357 3467
2385 3467
2385 3439
§
2399 3453
2385 3439
2385 3467
2413 3467
2413 3439
§
2427 3453
2413 3439
2413 3467
2441 3467
2441 3439
§
2455 3453
2441 3439
2441 3467
2469 3467
2469 3439
§
2483 3453
2469 3439
2469 3467
2497 3467
2497 3439
§
2511 3453
2497 3439
2497 3467
2525 3467
2525 3439
§
2539 3453
2525 3439
2525 3467
2553 3467
2553 3439
§
2567 3453
2553 3439
2553 3467
2581 3467
2581 3439
§
2598 3453
2581 3439
2581 3467
2615 3467
2615 3439
§
2811 3452
2798 3439
2798 3466
2825 3466
2825 3439
§
2844 3452
2825 3439
2825 3466
2864 3466
2864 3439
§
3113 3650
2834 3439
2834 3862
3393 3862
3393 3439
§
2147 2723
2133 2709
2133 2738
2162 2738
2162 2709
§
2176 2723
2162 2709
2162 2738
2191 2738
2191 2709
§
2205 2723
2191 2709
2191 2738
2220 2738
2220 2709
§
2234 2723
2220 2709
2220 2738
2249 2738
2249 2709
§
2263 2723
2249 2709
2249 2738
2278 2738
2278 2709
§
2292 2723
2278 2709
2278 2738
2307 2738
2307 2709
§
2321 2723
2307 2709
2307 2738
2336 2738
2336 2709
§
2350 2723
2336 2709
2336 2738
2365 2738
2365 2709
§
2379 2723
2365 2709
2365 2738
2394 2738
2394 2709
§
2408 2723
2394 2709
2394 2738
2423 2738
2423 2709
§
2437 2723
2423 2709
2423 2738
2452 2738
2452 2709
§
2466 2723
2452 2709
2452 2738
2481 2738
2481 2709
§
2495 2723
2481 2709
2481 2738
2510 2738
2510 2709
§
2524 2723
2510 2709
2510 2738
2539 2738
2539 2709
§
2553 2723
2539 2709
2539 2738
2568 2738
2568 2709
§
2582 2723
2568 2709
2568 2738
2597 2738
2597 2709
§
2611 2723
2597 2709
2597 2738
2626 2738
2626 2709
§
2640 2723
2626 2709
2626 2738
2655 2738
2655 2709
§
2669 2723
2655 2709
2655 2738
2684 2738
2684 2709
§
2698 2723
2684 2709
2684 2738
2713 2738
2713 2709
§
2727 2723
2713 2709
2713 2738
2742 2738
2742 2709
§
2756 2723
2742 2709
2742 2738
2771 2738
2771 2709
§
2785 2723
2771 2709
2771 2738
2800 2738
2800 2709
§
2814 2723
2800 2709
2800 2738
2829 2738
2829 2709
§
2843 2723
2829 2709
2829 2738
2858 2738
2858 2709
§
2872 2723
2858 2709
2858 2738
2887 2738
2887 2709
§
2901 2723
2887 2709
2887 2738
2916 2738
2916 2709
§
2930 2723
2916 2709
2916 2738
2945 2738
2945 2709
§
2959 2723
2945 2709
2945 2738
2974 2738
2974 2709
§
2988 2723
2974 2709
2974 2738
3003 2738
3003 2709
§
3013 2723
3003 2709
3003 2738
3024 2738
3024 2709
§
3220 2722
3207 2709
3207 2736
3234 2736
3234 2709
§
3247 2722
3234 2709
3234 2736
3261 2736
3261 2709
§
3274 2722
3261 2709
3261 2736
3288 2736
3288 2709
§
3301 2722
3288 2709
3288 2736
3315 2736
3315 2709
§
3328 2722
3315 2709
3315 2736
3342 2736
3342 2709
§
3355 2722
3342 2709
3342 2736
3369 2736
3369 2709
§
3380 2722
3369 2709
3369 2736
3392 2736
3392 2709
§
3508 1159
3363 1014
3363 1304
3653 1304
3653 1014
§
3508 1449
3363 1304
3363 1594
3653 1594
3653 1304
§
3508 1739
3363 1594
3363 1884
3653 1884
3653 1594
§
3508 2029
3363 1884
3363 2174
3653 2174
3653 1884
§
3508 2319
3363 2174
3363 2464
3653 2464
3653 2174
§
3508 2609
3363 2464
3363 2754
3653 2754
3653 2464
§
3508 2899
3363 2754
3363 3044
3653 3044
3653 2754
§
3508 3256
3363 3044
3363 3469
3653 3469
3653 3044
§
3222 2394
3208 2380
3208 2408
3236 2408
3236 2380
§
3250 2394
3236 2380
3236 2408
3264 2408
3264 2380
§
3278 2394
3264 2380
3264 2408
3292 2408
3292 2380
§
3306 2394
3292 2380
3292 2408
3320 2408
3320 2380
§
3334 2394
3320 2380
3320 2408
3348 2408
3348 2380
§
3362 2394
3348 2380
3348 2408
3376 2408
3376 2380
§
3384 2394
3376 2380
3376 2408
3393 2408
3393 2380
§
1947 2393
1933 2379
1933 2408
1962 2408
1962 2379
§
1976 2393
1962 2379
1962 2408
1991 2408
1991 2379
§
2005 2393
1991 2379
1991 2408
2020 2408
2020 2379
§
2034 2393
2020 2379
2020 2408
2049 2408
2049 2379
§
2063 2393
2049 2379
2049 2408
2078 2408
2078 2379
§
2092 2393
2078 2379
2078 2408
2107 2408
2107 2379
§
2121 2393
2107 2379
2107 2408
2136 2408
2136 2379
§
2150 2393
2136 2379
2136 2408
2165 2408
2165 2379
§
2179 2393
2165 2379
2165 2408
2194 2408
2194 2379
§
2208 2393
2194 2379
2194 2408
2223 2408
2223 2379
§
2237 2393
2223 2379
2223 2408
2252 2408
2252 2379
§
2266 2393
2252 2379
2252 2408
2281 2408
2281 2379
§
2295 2393
2281 2379
2281 2408
2310 2408
2310 2379
§
2324 2393
2310 2379
2310 2408
2339 2408
2339 2379
§
2353 2393
2339 2379
2339 2408
2368 2408
2368 2379
§
2382 2393
2368 2379
2368 2408
2397 2408
2397 2379
§
2411 2393
2397 2379
2397 2408
2426 2408
2426 2379
§
2440 2393
2426 2379
2426 2408
2455 2408
2455 2379
§
2469 2393
2455 2379
2455 2408
2484 2408
2484 2379
§
2498 2393
2484 2379
2484 2408
2513 2408
2513 2379
§
2527 2393
2513 2379
2513 2408
2542 2408
2542 2379
§
2556 2393
2542 2379
2542 2408
2571 2408
2571 2379
§
2585 2393
2571 2379
2571 2408
2600 2408
2600 2379
§
2614 2393
2600 2379
2600 2408
2629 2408
2629 2379
§
2643 2393
2629 2379
2629 2408
2658 2408
2658 2379
§
2672 2393
2658 2379
2658 2408
2687 2408
2687 2379
§
2701 2393
2687 2379
2687 2408
2716 2408
2716 2379
§
2730 2393
2716 2379
2716 2408
2745 2408
2745 2379
§
2759 2393
2745 2379
2745 2408
2774 2408
2774 2379
§
2788 2393
2774 2379
2774 2408
2803 2408
2803 2379
§
2817 2393
2803 2379
2803 2408
2832 2408
2832 2379
§
2846 2393
2832 2379
2832 2408
2861 2408
2861 2379
§
2875 2393
2861 2379
2861 2408
2890 2408
2890 2379
§
2904 2393
2890 2379
2890 2408
2919 2408
2919 2379
§
2933 2393
2919 2379
2919 2408
2948 2408
2948 2379
§
2962 2393
2948 2379
2948 2408
2977 2408
2977 2379
§
2991 2393
2977 2379
2977 2408
3006 2408
3006 2379
§
3015 2393
3006 2379
3006 2408
3024 2408
3024 2379
§
75 2454
0 2379
0 2530
151 2530
151 2379
§
75 2634
0 2530
0 2738
151 2738
151 2530
§
424 2078
96 1750
96 2407
753 2407
753 1750
§
1081 2078
753 1750
753 2407
1410 2407
1410 1750
§
1686 2078
1410 1750
1410 2407
1963 2407
1963 1750
§
1946 1762
1933 1749
1933 1776
1960 1776
1960 1749
§
1973 1762
1960 1749
1960 1776
1987 1776
1987 1749
§
2000 1762
1987 1749
1987 1776
2014 1776
2014 1749
§
2027 1762
2014 1749
2014 1776
2041 1776
2041 1749
§
2054 1762
2041 1749
2041 1776
2068 1776
2068 1749
§
2081 1762
2068 1749
2068 1776
2095 1776
2095 1749
§
2108 1762
2095 1749
2095 1776
2122 1776
2122 1749
§
2135 1762
2122 1749
2122 1776
2149 1776
2149 1749
§
2162 1762
2149 1749
2149 1776
2176 1776
2176 1749
§
2189 1762
2176 1749
2176 1776
2203 1776
2203 1749
§
2216 1762
2203 1749
2203 1776
2230 1776
2230 1749
§
2243 1762
2230 1749
2230 1776
2257 1776
2257 1749
§
2270 1762
2257 1749
2257 1776
2284 1776
2284 1749
§
2297 1762
2284 1749
2284 1776
2311 1776
2311 1749
§
2324 1762
2311 1749
2311 1776
2338 1776
2338 1749
§
2351 1762
2338 1749
2338 1776
2365 1776
2365 1749
§
2378 1762
2365 1749
2365 1776
2392 1776
2392 1749
§
2405 1762
2392 1749
2392 1776
2419 1776
2419 1749
§
2432 1762
2419 1749
2419 1776
2446 1776
2446 1749
§
2459 1762
2446 1749
2446 1776
2473 1776
2473 1749
§
2486 1762
2473 1749
2473 1776
2500 1776
2500 1749
§
2513 1762
2500 1749
2500 1776
2527 1776
2527 1749
§
2540 1762
2527 1749
2527 1776
2554 1776
2554 1749
§
2567 1762
2554 1749
2554 1776
2581 1776
2581 1749
§
2594 1762
2581 1749
2581 1776
2608 1776
2608 1749
§
2621 1762
2608 1749
2608 1776
2635 1776
2635 1749
§
2648 1762
2635 1749
2635 1776
2662 1776
2662 1749
§
2672 1762
2662 1749
2662 1776
2682 1776
2682 1749
§
2877 1762
2863 1748
2863 1777
2892 1777
2892 1748
§
2906 1762
2892 1748
2892 1777
2921 1777
2921 1748
§
2935 1762
2921 1748
2921 1777
2950 1777
2950 1748
§
2964 1762
2950 1748
2950 1777
2979 1777
2979 1748
§
2993 1762
2979 1748
2979 1777
3008 1777
3008 1748
§
3022 1762
3008 1748
3008 1777
3037 1777
3037 1748
§
3051 1762
3037 1748
3037 1777
3066 1777
3066 1748
§
3080 1762
3066 1748
3066 1777
3095 1777
3095 1748
§
3109 1762
3095 1748
3095 1777
3124 1777
3124 1748
§
3138 1762
3124 1748
3124 1777
3153 1777
3153 1748
§
3167 1762
3153 1748
3153 1777
3182 1777
3182 1748
§
3196 1762
3182 1748
3182 1777
3211 1777
3211 1748
§
3225 1762
3211 1748
3211 1777
3240 1777
3240 1748
§
3254 1762
3240 1748
3240 1777
3269 1777
3269 1748
§
3283 1762
3269 1748
3269 1777
3298 1777
3298 1748
§
3312 1762
3298 1748
3298 1777
3327 1777
3327 1748
§
3341 1762
3327 1748
3327 1777
3356 1777
3356 1748
§
3374 1762
3356 1748
3356 1777
3393 1777
3393 1748
§
266 1513
1 1248
1 1778
531 1778
531 1248
§
705 1513
531 1248
531 1778
879 1778
879 1248
§
439 551
0 36
0 1067
878 1067
878 36
§
902 56
846 0
846 113
959 113
959 0
§
1015 56
959 0
959 113
1072 113
1072 0
§
1128 56
1072 0
1072 113
1185 113
1185 0
§
1241 56
1185 0
1185 113
1298 113
1298 0
§
1354 56
1298 0
1298 113
1411 113
1411 0
§
1467 56
1411 0
1411 113
1524 113
1524 0
§
1580 56
1524 0
1524 113
1637 113
1637 0
§
1693 56
1637 0
1637 113
1750 113
1750 0
§
1806 56
1750 0
1750 113
1863 113
1863 0
§
1912 56
1863 0
1863 113
1962 113
1962 0
§
2410 566
1933 89
1933 1043
2887 1043
2887 89
§
3139 566
2887 89
2887 1043
3392 1043
3392 89
§
