Guard1Running.png
0.1 0 0 96 96
0.1 96 0 96 96
0.1 192 0 96 96
0.1 288 0 96 96
0.1 384 0 96 96
0.1 480 0 96 96
0.1 576 0 96 96 
0.1 672 0 96 96
0.1 768 0 96 96
0.1 864 0 96 96
0.1 960 0 96 96

Guard1Shooting.png
0.2 0 0 96 96
0.2 96 0 96 96
0.2 192 0 96 96
0.2 288 0 96 96
0.2 384 0 96 96
0.2 480 0 96 96
0.2 576 0 96 96

Guard1Searching.png
0.2 0 0 96 96
0.2 96 0 96 96
0.2 192 0 96 96
0.2 288 0 96 96
0.2 384 0 96 96

Guard1Rising.png
0.1 0 0 96 96
0.1 96 0 96 96
0.1 192 0 96 96
0.1 288 0 96 96
0.1 384 0 96 96
0.1 480 0 96 96
0.1 576 0 96 96 
0.1 672 0 96 96
0.1 768 0 96 96
0.1 864 0 96 96
0.1 960 0 96 96
0.1 1056 0 96 96
0.1 1152 0 96 96
0.1 1248 0 96 96
0.1 1344 0 96 96
0.1 1440 0 96 96

Guard1DrawWeapon.png
0.1 0 0 96 96
0.1 96 0 96 96
0.1 192 0 96 96
0.1 288 0 96 96
0.1 384 0 96 96
0.1 480 0 96 96
0.1 576 0 96 96 
0.1 672 0 96 96

Guard1KnockedOut.png
0.1 0 0 96 96
0.1 96 0 96 96
0.1 192 0 96 96
0.1 288 0 96 96
0.1 384 0 96 96
0.1 480 0 96 96
0.1 576 0 96 96 
0.1 672 0 96 96
0.1 768 0 96 96
0.1 864 0 96 96
0.1 960 0 96 96
0.1 1056 0 96 96
0.1 1152 0 96 96
0.1 1248 0 96 96
0.1 1344 0 96 96
0.1 1440 0 96 96
0.1 1536 0 96 96
0.1 1632 0 96 96
0.1 1728 0 96 96
0.1 1824 0 96 96
0.1 1920 0 96 96
0.1 2016 0 96 96

Guard1Smoking.png
0.1 0 0 96 96
0.1 96 0 96 96
0.1 192 0 96 96
0.1 288 0 96 96
0.1 384 0 96 96
0.1 480 0 96 96
0.1 576 0 96 96 
0.1 672 0 96 96
0.1 768 0 96 96
0.1 864 0 96 96
0.1 960 0 96 96
0.1 1056 0 96 96
0.1 1152 0 96 96
0.1 1248 0 96 96
0.1 1344 0 96 96
0.1 1440 0 96 96

Guard1Walking.png
0.1 0 0 96 96
0.1 96 0 96 96
0.1 192 0 96 96
0.1 288 0 96 96
0.1 384 0 96 96
0.1 480 0 96 96
0.1 576 0 96 96 
0.1 672 0 96 96
0.1 768 0 96 96