PlayerSneaking.png
0.1 0 0 96 96
0.1 96 0 96 96
0.1 192 0 96 96
0.1 288 0 96 96
0.1 384 0 96 96
0.1 480 0 96 96
0.1 576 0 96 96 
0.1 672 0 96 96
0.1 768 0 96 96
0.1 864 0 96 96
0.1 960 0 96 96
0.1 1056 0 96 96
0.1 1152 0 96 96
0.1 1248 0 96 96
0.1 1344 0 96 96

PlayerRunning.png
0.1 0 0 96 96
0.1 96 0 96 96
0.1 192 0 96 96
0.1 288 0 96 96
0.1 384 0 96 96
0.1 480 0 96 96
0.1 576 0 96 96 
0.1 672 0 96 96
0.1 768 0 96 96
0.1 864 0 96 96
0.1 960 0 96 96
0.1 1056 0 96 96

PlayerIdle.png
0.3 0 0 96 96
0.3 96 0 96 96

PlayerAttacking.png
0.1 0 0 96 96
0.1 96 0 96 96
0.1 192 0 96 96
0.1 288 0 96 96
0.1 384 0 96 96
0.1 480 0 96 96
0.1 576 0 96 96 
0.1 672 0 96 96
0.1 768 0 96 96
0.1 864 0 96 96
0.1 960 0 96 96

PlayerStrafing.png
0.1 0 0 96 96
0.1 96 0 96 96
0.1 192 0 96 96
0.1 288 0 96 96
0.1 384 0 96 96

PlayerDying.png
0.1 0 0 96 96
0.1 96 0 96 96
0.1 192 0 96 96
0.1 288 0 96 96
0.1 384 0 96 96
0.1 480 0 96 96
0.1 576 0 96 96 
0.1 672 0 96 96
0.1 768 0 96 96
0.1 864 0 96 96
0.1 960 0 96 96
0.1 1056 0 96 96
0.1 1152 0 96 96
0.1 1248 0 96 96
0.1 1344 0 96 96
0.1 1440 0 96 96
0.1 1536 0 96 96
0.1 1632 0 96 96
0.1 1728 0 96 96
0.1 1824 0 96 96
0.1 1920 0 96 96
0.1 2016 0 96 96
0.1 2112 0 96 96
0.1 2208 0 96 96
0.1 2304 0 96 96
0.1 2400 0 96 96
0.1 2496 0 96 96
0.1 2592 0 96 96
0.1 2688 0 96 96
0.1 2784 0 96 96
0.1 2880 0 96 96
0.1 2976 0 96 96