127 140
127 317
343 317
343 140

235 228
127 140
127 317
343 317
343 140
§
427 116
427 271
600 271
600 116

513 193
427 116
427 271
600 271
600 116
§
213 339
213 495
411 495
411 339

312 417
213 339
213 495
411 495
411 339
§
315 225
315 401
542 401
542 225

428 313
315 225
315 401
542 401
542 225
§
313 133
313 312
535 312
535 133

424 222
313 133
313 312
535 312
535 133
§
126 215
126 398
267 398
267 215

196 306
126 215
126 398
267 398
267 215
§
108 127
108 870
113 870
113 127

110 129
108 127
108 132
113 132
113 127

110 134
108 132
108 137
113 137
113 132

110 139
108 137
108 142
113 142
113 137

110 144
108 142
108 147
113 147
113 142

110 149
108 147
108 152
113 152
113 147

110 154
108 152
108 157
113 157
113 152

110 159
108 157
108 162
113 162
113 157

110 164
108 162
108 167
113 167
113 162

110 169
108 167
108 172
113 172
113 167

110 174
108 172
108 177
113 177
113 172

110 179
108 177
108 182
113 182
113 177

110 184
108 182
108 187
113 187
113 182

110 189
108 187
108 192
113 192
113 187

110 194
108 192
108 197
113 197
113 192

110 199
108 197
108 202
113 202
113 197

110 204
108 202
108 207
113 207
113 202

110 209
108 207
108 212
113 212
113 207

110 214
108 212
108 217
113 217
113 212

110 219
108 217
108 222
113 222
113 217

110 224
108 222
108 227
113 227
113 222

110 229
108 227
108 232
113 232
113 227

110 234
108 232
108 237
113 237
113 232

110 239
108 237
108 242
113 242
113 237

110 244
108 242
108 247
113 247
113 242

110 249
108 247
108 252
113 252
113 247

110 254
108 252
108 257
113 257
113 252

110 259
108 257
108 262
113 262
113 257

110 264
108 262
108 267
113 267
113 262

110 269
108 267
108 272
113 272
113 267

110 274
108 272
108 277
113 277
113 272

110 279
108 277
108 282
113 282
113 277

110 284
108 282
108 287
113 287
113 282

110 289
108 287
108 292
113 292
113 287

110 294
108 292
108 297
113 297
113 292

110 299
108 297
108 302
113 302
113 297

110 304
108 302
108 307
113 307
113 302

110 309
108 307
108 312
113 312
113 307

110 314
108 312
108 317
113 317
113 312

110 319
108 317
108 322
113 322
113 317

110 324
108 322
108 327
113 327
113 322

110 329
108 327
108 332
113 332
113 327

110 334
108 332
108 337
113 337
113 332

110 339
108 337
108 342
113 342
113 337

110 344
108 342
108 347
113 347
113 342

110 349
108 347
108 352
113 352
113 347

110 354
108 352
108 357
113 357
113 352

110 359
108 357
108 362
113 362
113 357

110 364
108 362
108 367
113 367
113 362

110 369
108 367
108 372
113 372
113 367

110 374
108 372
108 377
113 377
113 372

110 379
108 377
108 382
113 382
113 377

110 384
108 382
108 387
113 387
113 382

110 389
108 387
108 392
113 392
113 387

110 394
108 392
108 397
113 397
113 392

110 399
108 397
108 402
113 402
113 397

110 404
108 402
108 407
113 407
113 402

110 409
108 407
108 412
113 412
113 407

110 414
108 412
108 417
113 417
113 412

110 419
108 417
108 422
113 422
113 417

110 424
108 422
108 427
113 427
113 422

110 429
108 427
108 432
113 432
113 427

110 434
108 432
108 437
113 437
113 432

110 439
108 437
108 442
113 442
113 437

110 444
108 442
108 447
113 447
113 442

110 449
108 447
108 452
113 452
113 447

110 454
108 452
108 457
113 457
113 452

110 459
108 457
108 462
113 462
113 457

110 464
108 462
108 467
113 467
113 462

110 469
108 467
108 472
113 472
113 467

110 474
108 472
108 477
113 477
113 472

110 479
108 477
108 482
113 482
113 477

110 484
108 482
108 487
113 487
113 482

110 489
108 487
108 492
113 492
113 487

110 494
108 492
108 497
113 497
113 492

110 499
108 497
108 502
113 502
113 497

110 504
108 502
108 507
113 507
113 502

110 509
108 507
108 512
113 512
113 507

110 514
108 512
108 517
113 517
113 512

110 519
108 517
108 522
113 522
113 517

110 524
108 522
108 527
113 527
113 522

110 529
108 527
108 532
113 532
113 527

110 534
108 532
108 537
113 537
113 532

110 539
108 537
108 542
113 542
113 537

110 544
108 542
108 547
113 547
113 542

110 549
108 547
108 552
113 552
113 547

110 554
108 552
108 557
113 557
113 552

110 559
108 557
108 562
113 562
113 557

110 564
108 562
108 567
113 567
113 562

110 569
108 567
108 572
113 572
113 567

110 574
108 572
108 577
113 577
113 572

110 579
108 577
108 582
113 582
113 577

110 584
108 582
108 587
113 587
113 582

110 589
108 587
108 592
113 592
113 587

110 594
108 592
108 597
113 597
113 592

110 599
108 597
108 602
113 602
113 597

110 604
108 602
108 607
113 607
113 602

110 609
108 607
108 612
113 612
113 607

110 614
108 612
108 617
113 617
113 612

110 619
108 617
108 622
113 622
113 617

110 624
108 622
108 627
113 627
113 622

110 629
108 627
108 632
113 632
113 627

110 634
108 632
108 637
113 637
113 632

110 639
108 637
108 642
113 642
113 637

110 644
108 642
108 647
113 647
113 642

110 649
108 647
108 652
113 652
113 647

110 654
108 652
108 657
113 657
113 652

110 659
108 657
108 662
113 662
113 657

110 664
108 662
108 667
113 667
113 662

110 669
108 667
108 672
113 672
113 667

110 674
108 672
108 677
113 677
113 672

110 679
108 677
108 682
113 682
113 677

110 684
108 682
108 687
113 687
113 682

110 689
108 687
108 692
113 692
113 687

110 694
108 692
108 697
113 697
113 692

110 699
108 697
108 702
113 702
113 697

110 704
108 702
108 707
113 707
113 702

110 709
108 707
108 712
113 712
113 707

110 714
108 712
108 717
113 717
113 712

110 719
108 717
108 722
113 722
113 717

110 724
108 722
108 727
113 727
113 722

110 729
108 727
108 732
113 732
113 727

110 734
108 732
108 737
113 737
113 732

110 739
108 737
108 742
113 742
113 737

110 744
108 742
108 747
113 747
113 742

110 749
108 747
108 752
113 752
113 747

110 754
108 752
108 757
113 757
113 752

110 759
108 757
108 762
113 762
113 757

110 764
108 762
108 767
113 767
113 762

110 769
108 767
108 772
113 772
113 767

110 774
108 772
108 777
113 777
113 772

110 779
108 777
108 782
113 782
113 777

110 784
108 782
108 787
113 787
113 782

110 789
108 787
108 792
113 792
113 787

110 794
108 792
108 797
113 797
113 792

110 799
108 797
108 802
113 802
113 797

110 804
108 802
108 807
113 807
113 802

110 809
108 807
108 812
113 812
113 807

110 814
108 812
108 817
113 817
113 812

110 819
108 817
108 822
113 822
113 817

110 824
108 822
108 827
113 827
113 822

110 829
108 827
108 832
113 832
113 827

110 834
108 832
108 837
113 837
113 832

110 839
108 837
108 842
113 842
113 837

110 844
108 842
108 847
113 847
113 842

110 849
108 847
108 852
113 852
113 847

110 854
108 852
108 857
113 857
113 852

110 859
108 857
108 862
113 862
113 857

110 864
108 862
108 867
113 867
113 862

110 868
108 867
108 870
113 870
113 867
§
188 194
188 418
406 418
406 194

297 306
188 194
188 418
406 418
406 194
§
58 42
58 75
1452 75
1452 42

74 58
58 42
58 75
91 75
91 42

107 58
91 42
91 75
124 75
124 42

140 58
124 42
124 75
157 75
157 42

173 58
157 42
157 75
190 75
190 42

206 58
190 42
190 75
223 75
223 42

239 58
223 42
223 75
256 75
256 42

272 58
256 42
256 75
289 75
289 42

305 58
289 42
289 75
322 75
322 42

338 58
322 42
322 75
355 75
355 42

371 58
355 42
355 75
388 75
388 42

404 58
388 42
388 75
421 75
421 42

437 58
421 42
421 75
454 75
454 42

470 58
454 42
454 75
487 75
487 42

503 58
487 42
487 75
520 75
520 42

536 58
520 42
520 75
553 75
553 42

569 58
553 42
553 75
586 75
586 42

602 58
586 42
586 75
619 75
619 42

635 58
619 42
619 75
652 75
652 42

668 58
652 42
652 75
685 75
685 42

701 58
685 42
685 75
718 75
718 42

734 58
718 42
718 75
751 75
751 42

767 58
751 42
751 75
784 75
784 42

800 58
784 42
784 75
817 75
817 42

833 58
817 42
817 75
850 75
850 42

866 58
850 42
850 75
883 75
883 42

899 58
883 42
883 75
916 75
916 42

932 58
916 42
916 75
949 75
949 42

965 58
949 42
949 75
982 75
982 42

998 58
982 42
982 75
1015 75
1015 42

1031 58
1015 42
1015 75
1048 75
1048 42

1064 58
1048 42
1048 75
1081 75
1081 42

1097 58
1081 42
1081 75
1114 75
1114 42

1130 58
1114 42
1114 75
1147 75
1147 42

1163 58
1147 42
1147 75
1180 75
1180 42

1196 58
1180 42
1180 75
1213 75
1213 42

1229 58
1213 42
1213 75
1246 75
1246 42

1262 58
1246 42
1246 75
1279 75
1279 42

1295 58
1279 42
1279 75
1312 75
1312 42

1328 58
1312 42
1312 75
1345 75
1345 42

1361 58
1345 42
1345 75
1378 75
1378 42

1394 58
1378 42
1378 75
1411 75
1411 42

1431 58
1411 42
1411 75
1452 75
1452 42
§
1788 4888
1788 5546
1816 5546
1816 4888

1802 4902
1788 4888
1788 4916
1816 4916
1816 4888

1802 4930
1788 4916
1788 4944
1816 4944
1816 4916

1802 4958
1788 4944
1788 4972
1816 4972
1816 4944

1802 4986
1788 4972
1788 5000
1816 5000
1816 4972

1802 5014
1788 5000
1788 5028
1816 5028
1816 5000

1802 5042
1788 5028
1788 5056
1816 5056
1816 5028

1802 5070
1788 5056
1788 5084
1816 5084
1816 5056

1802 5098
1788 5084
1788 5112
1816 5112
1816 5084

1802 5126
1788 5112
1788 5140
1816 5140
1816 5112

1802 5154
1788 5140
1788 5168
1816 5168
1816 5140

1802 5182
1788 5168
1788 5196
1816 5196
1816 5168

1802 5210
1788 5196
1788 5224
1816 5224
1816 5196

1802 5238
1788 5224
1788 5252
1816 5252
1816 5224

1802 5266
1788 5252
1788 5280
1816 5280
1816 5252

1802 5294
1788 5280
1788 5308
1816 5308
1816 5280

1802 5322
1788 5308
1788 5336
1816 5336
1816 5308

1802 5350
1788 5336
1788 5364
1816 5364
1816 5336

1802 5378
1788 5364
1788 5392
1816 5392
1816 5364

1802 5406
1788 5392
1788 5420
1816 5420
1816 5392

1802 5434
1788 5420
1788 5448
1816 5448
1816 5420

1802 5462
1788 5448
1788 5476
1816 5476
1816 5448

1802 5490
1788 5476
1788 5504
1816 5504
1816 5476

1802 5518
1788 5504
1788 5532
1816 5532
1816 5504

1802 5539
1788 5532
1788 5546
1816 5546
1816 5532
§
1788 5517
1788 5547
2846 5547
2846 5517

1803 5532
1788 5517
1788 5547
1818 5547
1818 5517

1833 5532
1818 5517
1818 5547
1848 5547
1848 5517

1863 5532
1848 5517
1848 5547
1878 5547
1878 5517

1893 5532
1878 5517
1878 5547
1908 5547
1908 5517

1923 5532
1908 5517
1908 5547
1938 5547
1938 5517

1953 5532
1938 5517
1938 5547
1968 5547
1968 5517

1983 5532
1968 5517
1968 5547
1998 5547
1998 5517

2013 5532
1998 5517
1998 5547
2028 5547
2028 5517

2043 5532
2028 5517
2028 5547
2058 5547
2058 5517

2073 5532
2058 5517
2058 5547
2088 5547
2088 5517

2103 5532
2088 5517
2088 5547
2118 5547
2118 5517

2133 5532
2118 5517
2118 5547
2148 5547
2148 5517

2163 5532
2148 5517
2148 5547
2178 5547
2178 5517

2193 5532
2178 5517
2178 5547
2208 5547
2208 5517

2223 5532
2208 5517
2208 5547
2238 5547
2238 5517

2253 5532
2238 5517
2238 5547
2268 5547
2268 5517

2283 5532
2268 5517
2268 5547
2298 5547
2298 5517

2313 5532
2298 5517
2298 5547
2328 5547
2328 5517

2343 5532
2328 5517
2328 5547
2358 5547
2358 5517

2373 5532
2358 5517
2358 5547
2388 5547
2388 5517

2403 5532
2388 5517
2388 5547
2418 5547
2418 5517

2433 5532
2418 5517
2418 5547
2448 5547
2448 5517

2463 5532
2448 5517
2448 5547
2478 5547
2478 5517

2493 5532
2478 5517
2478 5547
2508 5547
2508 5517

2523 5532
2508 5517
2508 5547
2538 5547
2538 5517

2553 5532
2538 5517
2538 5547
2568 5547
2568 5517

2583 5532
2568 5517
2568 5547
2598 5547
2598 5517

2613 5532
2598 5517
2598 5547
2628 5547
2628 5517

2643 5532
2628 5517
2628 5547
2658 5547
2658 5517

2673 5532
2658 5517
2658 5547
2688 5547
2688 5517

2703 5532
2688 5517
2688 5547
2718 5547
2718 5517

2733 5532
2718 5517
2718 5547
2748 5547
2748 5517

2763 5532
2748 5517
2748 5547
2778 5547
2778 5517

2793 5532
2778 5517
2778 5547
2808 5547
2808 5517

2827 5532
2808 5517
2808 5547
2846 5547
2846 5517
§
2818 4887
2818 5543
2846 5543
2846 4887

2832 4901
2818 4887
2818 4915
2846 4915
2846 4887

2832 4929
2818 4915
2818 4943
2846 4943
2846 4915

2832 4957
2818 4943
2818 4971
2846 4971
2846 4943

2832 4985
2818 4971
2818 4999
2846 4999
2846 4971

2832 5013
2818 4999
2818 5027
2846 5027
2846 4999

2832 5041
2818 5027
2818 5055
2846 5055
2846 5027

2832 5069
2818 5055
2818 5083
2846 5083
2846 5055

2832 5097
2818 5083
2818 5111
2846 5111
2846 5083

2832 5125
2818 5111
2818 5139
2846 5139
2846 5111

2832 5153
2818 5139
2818 5167
2846 5167
2846 5139

2832 5181
2818 5167
2818 5195
2846 5195
2846 5167

2832 5209
2818 5195
2818 5223
2846 5223
2846 5195

2832 5237
2818 5223
2818 5251
2846 5251
2846 5223

2832 5265
2818 5251
2818 5279
2846 5279
2846 5251

2832 5293
2818 5279
2818 5307
2846 5307
2846 5279

2832 5321
2818 5307
2818 5335
2846 5335
2846 5307

2832 5349
2818 5335
2818 5363
2846 5363
2846 5335

2832 5377
2818 5363
2818 5391
2846 5391
2846 5363

2832 5405
2818 5391
2818 5419
2846 5419
2846 5391

2832 5433
2818 5419
2818 5447
2846 5447
2846 5419

2832 5461
2818 5447
2818 5475
2846 5475
2846 5447

2832 5489
2818 5475
2818 5503
2846 5503
2846 5475

2832 5523
2818 5503
2818 5543
2846 5543
2846 5503
§
1788 4888
1788 4915
2535 4915
2535 4888

1801 4901
1788 4888
1788 4915
1815 4915
1815 4888

1828 4901
1815 4888
1815 4915
1842 4915
1842 4888

1855 4901
1842 4888
1842 4915
1869 4915
1869 4888

1882 4901
1869 4888
1869 4915
1896 4915
1896 4888

1909 4901
1896 4888
1896 4915
1923 4915
1923 4888

1936 4901
1923 4888
1923 4915
1950 4915
1950 4888

1963 4901
1950 4888
1950 4915
1977 4915
1977 4888

1990 4901
1977 4888
1977 4915
2004 4915
2004 4888

2017 4901
2004 4888
2004 4915
2031 4915
2031 4888

2044 4901
2031 4888
2031 4915
2058 4915
2058 4888

2071 4901
2058 4888
2058 4915
2085 4915
2085 4888

2098 4901
2085 4888
2085 4915
2112 4915
2112 4888

2125 4901
2112 4888
2112 4915
2139 4915
2139 4888

2152 4901
2139 4888
2139 4915
2166 4915
2166 4888

2179 4901
2166 4888
2166 4915
2193 4915
2193 4888

2206 4901
2193 4888
2193 4915
2220 4915
2220 4888

2233 4901
2220 4888
2220 4915
2247 4915
2247 4888

2260 4901
2247 4888
2247 4915
2274 4915
2274 4888

2287 4901
2274 4888
2274 4915
2301 4915
2301 4888

2314 4901
2301 4888
2301 4915
2328 4915
2328 4888

2341 4901
2328 4888
2328 4915
2355 4915
2355 4888

2368 4901
2355 4888
2355 4915
2382 4915
2382 4888

2395 4901
2382 4888
2382 4915
2409 4915
2409 4888

2422 4901
2409 4888
2409 4915
2436 4915
2436 4888

2449 4901
2436 4888
2436 4915
2463 4915
2463 4888

2476 4901
2463 4888
2463 4915
2490 4915
2490 4888

2503 4901
2490 4888
2490 4915
2517 4915
2517 4888

2526 4901
2517 4888
2517 4915
2535 4915
2535 4888
§
2718 4887
2718 4916
2846 4916
2846 4887

2732 4901
2718 4887
2718 4916
2747 4916
2747 4887

2761 4901
2747 4887
2747 4916
2776 4916
2776 4887

2790 4901
2776 4887
2776 4916
2805 4916
2805 4887

2825 4901
2805 4887
2805 4916
2846 4916
2846 4887
§
2815 4707
2815 4918
2846 4918
2846 4707

2830 4722
2815 4707
2815 4738
2846 4738
2846 4707

2830 4753
2815 4738
2815 4769
2846 4769
2846 4738

2830 4784
2815 4769
2815 4800
2846 4800
2846 4769

2830 4815
2815 4800
2815 4831
2846 4831
2846 4800

2830 4846
2815 4831
2815 4862
2846 4862
2846 4831

2830 4877
2815 4862
2815 4893
2846 4893
2846 4862

2830 4905
2815 4893
2815 4918
2846 4918
2846 4893
§
2717 4706
2717 4737
2846 4737
2846 4706

2732 4721
2717 4706
2717 4737
2748 4737
2748 4706

2763 4721
2748 4706
2748 4737
2779 4737
2779 4706

2794 4721
2779 4706
2779 4737
2810 4737
2810 4706

2828 4721
2810 4706
2810 4737
2846 4737
2846 4706
§
1496 4707
1496 4737
2535 4737
2535 4707

1511 4722
1496 4707
1496 4737
1526 4737
1526 4707

1541 4722
1526 4707
1526 4737
1556 4737
1556 4707

1571 4722
1556 4707
1556 4737
1586 4737
1586 4707

1601 4722
1586 4707
1586 4737
1616 4737
1616 4707

1631 4722
1616 4707
1616 4737
1646 4737
1646 4707

1661 4722
1646 4707
1646 4737
1676 4737
1676 4707

1691 4722
1676 4707
1676 4737
1706 4737
1706 4707

1721 4722
1706 4707
1706 4737
1736 4737
1736 4707

1751 4722
1736 4707
1736 4737
1766 4737
1766 4707

1781 4722
1766 4707
1766 4737
1796 4737
1796 4707

1811 4722
1796 4707
1796 4737
1826 4737
1826 4707

1841 4722
1826 4707
1826 4737
1856 4737
1856 4707

1871 4722
1856 4707
1856 4737
1886 4737
1886 4707

1901 4722
1886 4707
1886 4737
1916 4737
1916 4707

1931 4722
1916 4707
1916 4737
1946 4737
1946 4707

1961 4722
1946 4707
1946 4737
1976 4737
1976 4707

1991 4722
1976 4707
1976 4737
2006 4737
2006 4707

2021 4722
2006 4707
2006 4737
2036 4737
2036 4707

2051 4722
2036 4707
2036 4737
2066 4737
2066 4707

2081 4722
2066 4707
2066 4737
2096 4737
2096 4707

2111 4722
2096 4707
2096 4737
2126 4737
2126 4707

2141 4722
2126 4707
2126 4737
2156 4737
2156 4707

2171 4722
2156 4707
2156 4737
2186 4737
2186 4707

2201 4722
2186 4707
2186 4737
2216 4737
2216 4707

2231 4722
2216 4707
2216 4737
2246 4737
2246 4707

2261 4722
2246 4707
2246 4737
2276 4737
2276 4707

2291 4722
2276 4707
2276 4737
2306 4737
2306 4707

2321 4722
2306 4707
2306 4737
2336 4737
2336 4707

2351 4722
2336 4707
2336 4737
2366 4737
2366 4707

2381 4722
2366 4707
2366 4737
2396 4737
2396 4707

2411 4722
2396 4707
2396 4737
2426 4737
2426 4707

2441 4722
2426 4707
2426 4737
2456 4737
2456 4707

2471 4722
2456 4707
2456 4737
2486 4737
2486 4707

2501 4722
2486 4707
2486 4737
2516 4737
2516 4707

2525 4722
2516 4707
2516 4737
2535 4737
2535 4707
§
1488 4888
1488 4916
1817 4916
1817 4888

1502 4902
1488 4888
1488 4916
1516 4916
1516 4888

1530 4902
1516 4888
1516 4916
1544 4916
1544 4888

1558 4902
1544 4888
1544 4916
1572 4916
1572 4888

1586 4902
1572 4888
1572 4916
1600 4916
1600 4888

1614 4902
1600 4888
1600 4916
1628 4916
1628 4888

1642 4902
1628 4888
1628 4916
1656 4916
1656 4888

1670 4902
1656 4888
1656 4916
1684 4916
1684 4888

1698 4902
1684 4888
1684 4916
1712 4916
1712 4888

1726 4902
1712 4888
1712 4916
1740 4916
1740 4888

1754 4902
1740 4888
1740 4916
1768 4916
1768 4888

1782 4902
1768 4888
1768 4916
1796 4916
1796 4888

1806 4902
1796 4888
1796 4916
1817 4916
1817 4888
§
