0 0
0 937
3004 937
3004 0

468 468
0 0
0 937
937 937
937 0

1405 468
937 0
937 937
1874 937
1874 0

2439 468
1874 0
1874 937
3004 937
3004 0
§
0 937
0 5563
232 5563
232 937

116 1053
0 937
0 1169
232 1169
232 937

116 1285
0 1169
0 1401
232 1401
232 1169

116 1517
0 1401
0 1633
232 1633
232 1401

116 1749
0 1633
0 1865
232 1865
232 1633

116 1981
0 1865
0 2097
232 2097
232 1865

116 2213
0 2097
0 2329
232 2329
232 2097

116 2445
0 2329
0 2561
232 2561
232 2329

116 2677
0 2561
0 2793
232 2793
232 2561

116 2909
0 2793
0 3025
232 3025
232 2793

116 3141
0 3025
0 3257
232 3257
232 3025

116 3373
0 3257
0 3489
232 3489
232 3257

116 3605
0 3489
0 3721
232 3721
232 3489

116 3837
0 3721
0 3953
232 3953
232 3721

116 4069
0 3953
0 4185
232 4185
232 3953

116 4301
0 4185
0 4417
232 4417
232 4185

116 4533
0 4417
0 4649
232 4649
232 4417

116 4765
0 4649
0 4881
232 4881
232 4649

116 4997
0 4881
0 5113
232 5113
232 4881

116 5229
0 5113
0 5345
232 5345
232 5113

116 5454
0 5345
0 5563
232 5563
232 5345
§
232 5000
232 5563
3004 5563
3004 5000

513 5281
232 5000
232 5563
795 5563
795 5000

1076 5281
795 5000
795 5563
1358 5563
1358 5000

1639 5281
1358 5000
1358 5563
1921 5563
1921 5000

2202 5281
1921 5000
1921 5563
2484 5563
2484 5000

2744 5281
2484 5000
2484 5563
3004 5563
3004 5000
§
3004 5338
3004 5563
4567 5563
4567 5338

3116 5450
3004 5338
3004 5563
3229 5563
3229 5338

3341 5450
3229 5338
3229 5563
3454 5563
3454 5338

3566 5450
3454 5338
3454 5563
3679 5563
3679 5338

3791 5450
3679 5338
3679 5563
3904 5563
3904 5338

4016 5450
3904 5338
3904 5563
4129 5563
4129 5338

4241 5450
4129 5338
4129 5563
4354 5563
4354 5338

4460 5450
4354 5338
4354 5563
4567 5563
4567 5338
§
4002 3936
4002 5338
4567 5338
4567 3936

4284 4218
4002 3936
4002 4501
4567 4501
4567 3936

4284 4919
4002 4501
4002 5338
4567 5338
4567 4501
§
3304 3936
3304 5040
4002 5040
4002 3936

3653 4285
3304 3936
3304 4634
4002 4634
4002 3936

3653 4837
3304 4634
3304 5040
4002 5040
4002 4634
§
3903 5040
3903 5338
4002 5338
4002 5040

3952 5089
3903 5040
3903 5139
4002 5139
4002 5040

3952 5188
3903 5139
3903 5238
4002 5238
4002 5139

3952 5288
3903 5238
3903 5338
4002 5338
4002 5238
§
4238 0
4238 3936
4567 3936
4567 0

4402 164
4238 0
4238 329
4567 329
4567 0

4402 493
4238 329
4238 658
4567 658
4567 329

4402 822
4238 658
4238 987
4567 987
4567 658

4402 1151
4238 987
4238 1316
4567 1316
4567 987

4402 1480
4238 1316
4238 1645
4567 1645
4567 1316

4402 1809
4238 1645
4238 1974
4567 1974
4567 1645

4402 2138
4238 1974
4238 2303
4567 2303
4567 1974

4402 2467
4238 2303
4238 2632
4567 2632
4567 2303

4402 2796
4238 2632
4238 2961
4567 2961
4567 2632

4402 3125
4238 2961
4238 3290
4567 3290
4567 2961

4402 3454
4238 3290
4238 3619
4567 3619
4567 3290

4402 3777
4238 3619
4238 3936
4567 3936
4567 3619
§
3004 0
3004 153
4238 153
4238 0

3080 76
3004 0
3004 153
3157 153
3157 0

3233 76
3157 0
3157 153
3310 153
3310 0

3386 76
3310 0
3310 153
3463 153
3463 0

3539 76
3463 0
3463 153
3616 153
3616 0

3692 76
3616 0
3616 153
3769 153
3769 0

3845 76
3769 0
3769 153
3922 153
3922 0

3998 76
3922 0
3922 153
4075 153
4075 0

4156 76
4075 0
4075 153
4238 153
4238 0
§
3303 451
3303 1169
4238 1169
4238 451

3770 810
3303 451
3303 1169
4238 1169
4238 451
§
3903 153
3903 451
4238 451
4238 153

4070 302
3903 153
3903 451
4238 451
4238 153
§
2024 1825
2024 4106
3004 4106
3004 1825

2514 2315
2024 1825
2024 2805
3004 2805
3004 1825

2514 3455
2024 2805
2024 4106
3004 4106
3004 2805
§
3004 863
3004 903
3068 903
3068 863

3024 883
3004 863
3004 903
3044 903
3044 863

3056 883
3044 863
3044 903
3068 903
3068 863
§
3251 861
3251 901
3303 901
3303 861

3277 881
3251 861
3251 901
3303 901
3303 861
§
2957 937
2957 1287
3004 1287
3004 937

2980 960
2957 937
2957 984
3004 984
3004 937

2980 1007
2957 984
2957 1031
3004 1031
3004 984

2980 1054
2957 1031
2957 1078
3004 1078
3004 1031

2980 1101
2957 1078
2957 1125
3004 1125
3004 1078

2980 1148
2957 1125
2957 1172
3004 1172
3004 1125

2980 1195
2957 1172
2957 1219
3004 1219
3004 1172

2980 1253
2957 1219
2957 1287
3004 1287
3004 1219
§
2957 1464
2957 1825
3004 1825
3004 1464

2980 1487
2957 1464
2957 1511
3004 1511
3004 1464

2980 1534
2957 1511
2957 1558
3004 1558
3004 1511

2980 1581
2957 1558
2957 1605
3004 1605
3004 1558

2980 1628
2957 1605
2957 1652
3004 1652
3004 1605

2980 1675
2957 1652
2957 1699
3004 1699
3004 1652

2980 1722
2957 1699
2957 1746
3004 1746
3004 1699

2980 1769
2957 1746
2957 1793
3004 1793
3004 1746

2980 1809
2957 1793
2957 1825
3004 1825
3004 1793
§
3304 1169
3304 1274
3351 1274
3351 1169

3327 1192
3304 1169
3304 1216
3351 1216
3351 1169

3327 1245
3304 1216
3304 1274
3351 1274
3351 1216
§
3304 1453
3304 3405
3351 3405
3351 1453

3327 1476
3304 1453
3304 1500
3351 1500
3351 1453

3327 1523
3304 1500
3304 1547
3351 1547
3351 1500

3327 1570
3304 1547
3304 1594
3351 1594
3351 1547

3327 1617
3304 1594
3304 1641
3351 1641
3351 1594

3327 1664
3304 1641
3304 1688
3351 1688
3351 1641

3327 1711
3304 1688
3304 1735
3351 1735
3351 1688

3327 1758
3304 1735
3304 1782
3351 1782
3351 1735

3327 1805
3304 1782
3304 1829
3351 1829
3351 1782

3327 1852
3304 1829
3304 1876
3351 1876
3351 1829

3327 1899
3304 1876
3304 1923
3351 1923
3351 1876

3327 1946
3304 1923
3304 1970
3351 1970
3351 1923

3327 1993
3304 1970
3304 2017
3351 2017
3351 1970

3327 2040
3304 2017
3304 2064
3351 2064
3351 2017

3327 2087
3304 2064
3304 2111
3351 2111
3351 2064

3327 2134
3304 2111
3304 2158
3351 2158
3351 2111

3327 2181
3304 2158
3304 2205
3351 2205
3351 2158

3327 2228
3304 2205
3304 2252
3351 2252
3351 2205

3327 2275
3304 2252
3304 2299
3351 2299
3351 2252

3327 2322
3304 2299
3304 2346
3351 2346
3351 2299

3327 2369
3304 2346
3304 2393
3351 2393
3351 2346

3327 2416
3304 2393
3304 2440
3351 2440
3351 2393

3327 2463
3304 2440
3304 2487
3351 2487
3351 2440

3327 2510
3304 2487
3304 2534
3351 2534
3351 2487

3327 2557
3304 2534
3304 2581
3351 2581
3351 2534

3327 2604
3304 2581
3304 2628
3351 2628
3351 2581

3327 2651
3304 2628
3304 2675
3351 2675
3351 2628

3327 2698
3304 2675
3304 2722
3351 2722
3351 2675

3327 2745
3304 2722
3304 2769
3351 2769
3351 2722

3327 2792
3304 2769
3304 2816
3351 2816
3351 2769

3327 2839
3304 2816
3304 2863
3351 2863
3351 2816

3327 2886
3304 2863
3304 2910
3351 2910
3351 2863

3327 2933
3304 2910
3304 2957
3351 2957
3351 2910

3327 2980
3304 2957
3304 3004
3351 3004
3351 2957

3327 3027
3304 3004
3304 3051
3351 3051
3351 3004

3327 3074
3304 3051
3304 3098
3351 3098
3351 3051

3327 3121
3304 3098
3304 3145
3351 3145
3351 3098

3327 3168
3304 3145
3304 3192
3351 3192
3351 3145

3327 3215
3304 3192
3304 3239
3351 3239
3351 3192

3327 3262
3304 3239
3304 3286
3351 3286
3351 3239

3327 3309
3304 3286
3304 3333
3351 3333
3351 3286

3327 3356
3304 3333
3304 3380
3351 3380
3351 3333

3327 3392
3304 3380
3304 3405
3351 3405
3351 3380
§
3304 3584
3304 3936
3351 3936
3351 3584

3327 3607
3304 3584
3304 3631
3351 3631
3351 3584

3327 3654
3304 3631
3304 3678
3351 3678
3351 3631

3327 3701
3304 3678
3304 3725
3351 3725
3351 3678

3327 3748
3304 3725
3304 3772
3351 3772
3351 3725

3327 3795
3304 3772
3304 3819
3351 3819
3351 3772

3327 3842
3304 3819
3304 3866
3351 3866
3351 3819

3327 3901
3304 3866
3304 3936
3351 3936
3351 3866
§
3351 2064
3351 2104
3697 2104
3697 2064

3371 2084
3351 2064
3351 2104
3391 2104
3391 2064

3411 2084
3391 2064
3391 2104
3431 2104
3431 2064

3451 2084
3431 2064
3431 2104
3471 2104
3471 2064

3491 2084
3471 2064
3471 2104
3511 2104
3511 2064

3531 2084
3511 2064
3511 2104
3551 2104
3551 2064

3571 2084
3551 2064
3551 2104
3591 2104
3591 2064

3611 2084
3591 2064
3591 2104
3631 2104
3631 2064

3651 2084
3631 2064
3631 2104
3671 2104
3671 2064

3684 2084
3671 2064
3671 2104
3697 2104
3697 2064
§
3874 2064
3874 2104
4238 2104
4238 2064

3894 2084
3874 2064
3874 2104
3914 2104
3914 2064

3934 2084
3914 2064
3914 2104
3954 2104
3954 2064

3974 2084
3954 2064
3954 2104
3994 2104
3994 2064

4014 2084
3994 2064
3994 2104
4034 2104
4034 2064

4054 2084
4034 2064
4034 2104
4074 2104
4074 2064

4094 2084
4074 2064
4074 2104
4114 2104
4114 2064

4134 2084
4114 2064
4114 2104
4154 2104
4154 2064

4174 2084
4154 2064
4154 2104
4194 2104
4194 2064

4216 2084
4194 2064
4194 2104
4238 2104
4238 2064
§
3874 3004
3874 3044
4238 3044
4238 3004

3894 3024
3874 3004
3874 3044
3914 3044
3914 3004

3934 3024
3914 3004
3914 3044
3954 3044
3954 3004

3974 3024
3954 3004
3954 3044
3994 3044
3994 3004

4014 3024
3994 3004
3994 3044
4034 3044
4034 3004

4054 3024
4034 3004
4034 3044
4074 3044
4074 3004

4094 3024
4074 3004
4074 3044
4114 3044
4114 3004

4134 3024
4114 3004
4114 3044
4154 3044
4154 3004

4174 3024
4154 3004
4154 3044
4194 3044
4194 3004

4216 3024
4194 3004
4194 3044
4238 3044
4238 3004
§
3351 3004
3351 3044
3697 3044
3697 3004

3371 3024
3351 3004
3351 3044
3391 3044
3391 3004

3411 3024
3391 3004
3391 3044
3431 3044
3431 3004

3451 3024
3431 3004
3431 3044
3471 3044
3471 3004

3491 3024
3471 3004
3471 3044
3511 3044
3511 3004

3531 3024
3511 3004
3511 3044
3551 3044
3551 3004

3571 3024
3551 3004
3551 3044
3591 3044
3591 3004

3611 3024
3591 3004
3591 3044
3631 3044
3631 3004

3651 3024
3631 3004
3631 3044
3671 3044
3671 3004

3684 3024
3671 3004
3671 3044
3697 3044
3697 3004
§
2957 4106
2957 4460
3004 4460
3004 4106

2980 4129
2957 4106
2957 4153
3004 4153
3004 4106

2980 4176
2957 4153
2957 4200
3004 4200
3004 4153

2980 4223
2957 4200
2957 4247
3004 4247
3004 4200

2980 4270
2957 4247
2957 4294
3004 4294
3004 4247

2980 4317
2957 4294
2957 4341
3004 4341
3004 4294

2980 4364
2957 4341
2957 4388
3004 4388
3004 4341

2980 4411
2957 4388
2957 4435
3004 4435
3004 4388

2980 4447
2957 4435
2957 4460
3004 4460
3004 4435
§
2957 4636
2957 5000
3004 5000
3004 4636

2980 4659
2957 4636
2957 4683
3004 4683
3004 4636

2980 4706
2957 4683
2957 4730
3004 4730
3004 4683

2980 4753
2957 4730
2957 4777
3004 4777
3004 4730

2980 4800
2957 4777
2957 4824
3004 4824
3004 4777

2980 4847
2957 4824
2957 4871
3004 4871
3004 4824

2980 4894
2957 4871
2957 4918
3004 4918
3004 4871

2980 4941
2957 4918
2957 4965
3004 4965
3004 4918

2980 4982
2957 4965
2957 5000
3004 5000
3004 4965
§
2024 937
2024 1292
2071 1292
2071 937

2047 960
2024 937
2024 984
2071 984
2071 937

2047 1007
2024 984
2024 1031
2071 1031
2071 984

2047 1054
2024 1031
2024 1078
2071 1078
2071 1031

2047 1101
2024 1078
2024 1125
2071 1125
2071 1078

2047 1148
2024 1125
2024 1172
2071 1172
2071 1125

2047 1195
2024 1172
2024 1219
2071 1219
2071 1172

2047 1242
2024 1219
2024 1266
2071 1266
2071 1219

2047 1279
2024 1266
2024 1292
2071 1292
2071 1266
§
2024 1469
2024 1825
2071 1825
2071 1469

2047 1492
2024 1469
2024 1516
2071 1516
2071 1469

2047 1539
2024 1516
2024 1563
2071 1563
2071 1516

2047 1586
2024 1563
2024 1610
2071 1610
2071 1563

2047 1633
2024 1610
2024 1657
2071 1657
2071 1610

2047 1680
2024 1657
2024 1704
2071 1704
2071 1657

2047 1727
2024 1704
2024 1751
2071 1751
2071 1704

2047 1774
2024 1751
2024 1798
2071 1798
2071 1751

2047 1811
2024 1798
2024 1825
2071 1825
2071 1798
§
2024 4106
2024 4458
2071 4458
2071 4106

2047 4129
2024 4106
2024 4153
2071 4153
2071 4106

2047 4176
2024 4153
2024 4200
2071 4200
2071 4153

2047 4223
2024 4200
2024 4247
2071 4247
2071 4200

2047 4270
2024 4247
2024 4294
2071 4294
2071 4247

2047 4317
2024 4294
2024 4341
2071 4341
2071 4294

2047 4364
2024 4341
2024 4388
2071 4388
2071 4341

2047 4423
2024 4388
2024 4458
2071 4458
2071 4388
§
2024 4637
2024 5000
2071 5000
2071 4637

2047 4660
2024 4637
2024 4684
2071 4684
2071 4637

2047 4707
2024 4684
2024 4731
2071 4731
2071 4684

2047 4754
2024 4731
2024 4778
2071 4778
2071 4731

2047 4801
2024 4778
2024 4825
2071 4825
2071 4778

2047 4848
2024 4825
2024 4872
2071 4872
2071 4825

2047 4895
2024 4872
2024 4919
2071 4919
2071 4872

2047 4942
2024 4919
2024 4966
2071 4966
2071 4919

2047 4983
2024 4966
2024 5000
2071 5000
2071 4966
§