908 99
849 85
849 114
1963 115
1963 85
§
1950 129
1936 85
1933 1045
1962 1045
1963 85
§
1992 1029
1933 1016
1933 1044
3393 1046
3393 1015
§
3380 1056
3364 1015
3364 3469
3393 3469
3393 1015
§
3376 3453
3393 3440
2798 3439
2798 3468
3393 3469
§
2848 3484
2833 3467
2833 3850
2863 3850
2864 3468
§
2841 3835
2863 3822
2169 3821
2168 3850
2863 3851
§
2185 3845
2170 3821
2169 3957
2198 3956
2198 3823
§
2190 3942
2170 3928
2169 3956
2848 3956
2847 3927
§
2835 3962
2818 3927
2818 5548
2847 5548
2847 3927
§
1824 5531
1787 5519
1787 5547
2847 5547
2847 5518
§
1801 4927
1788 4885
1787 5547
1816 5547
1816 4887
§
2479 4902
2535 4888
586 4889
586 4917
2534 4916
§
603 4729
586 4707
586 4917
616 4917
616 4707
§
618 4721
586 4707
586 4738
2535 4736
2534 4706
§
1803 3467
1787 3439
1789 4736
1818 4737
1817 3439
§
1827 3454
1787 3439
1788 3471
2614 3469
2614 3440
§
2147 2751
2134 2709
2135 3467
2162 3467
2160 2709
§
161 2724
122 2709
122 2739
3024 2739
3024 2709
§
138 2408
122 2379
122 2739
151 2739
151 2379
§
151 2395
123 2379
122 2410
3024 2409
3024 2380
§
1949 1796
1934 1750
1934 2409
1962 2409
1964 1749
§
885 1764
849 1749
849 1779
2681 1779
2680 1749
§
867 114
849 85
849 1779
879 1779
879 85
§
3371 1762
3393 1749
2864 1748
2863 1779
3393 1777
§
3372 2392
3393 2381
3208 2379
3208 2409
3393 2408
§
3376 2720
3393 2711
3208 2709
3207 2739
3392 2738
§
2831 4722
2847 4708
2717 4706
2718 4739
2847 4736
§
2827 4902
2847 4888
2718 4887
2718 4916
2847 4916
§
1822 3942
1787 3928
1787 3956
1987 3958
1987 3927
§
