1801 5532
1787 5518
1787 5547
1816 5547
1816 5518
§
1830 5532
1816 5518
1816 5547
1845 5547
1845 5518
§
1859 5532
1845 5518
1845 5547
1874 5547
1874 5518
§
1888 5532
1874 5518
1874 5547
1903 5547
1903 5518
§
1917 5532
1903 5518
1903 5547
1932 5547
1932 5518
§
1946 5532
1932 5518
1932 5547
1961 5547
1961 5518
§
1975 5532
1961 5518
1961 5547
1990 5547
1990 5518
§
2004 5532
1990 5518
1990 5547
2019 5547
2019 5518
§
2033 5532
2019 5518
2019 5547
2048 5547
2048 5518
§
2062 5532
2048 5518
2048 5547
2077 5547
2077 5518
§
2091 5532
2077 5518
2077 5547
2106 5547
2106 5518
§
2120 5532
2106 5518
2106 5547
2135 5547
2135 5518
§
2149 5532
2135 5518
2135 5547
2164 5547
2164 5518
§
2178 5532
2164 5518
2164 5547
2193 5547
2193 5518
§
2207 5532
2193 5518
2193 5547
2222 5547
2222 5518
§
2236 5532
2222 5518
2222 5547
2251 5547
2251 5518
§
2265 5532
2251 5518
2251 5547
2280 5547
2280 5518
§
2294 5532
2280 5518
2280 5547
2309 5547
2309 5518
§
2323 5532
2309 5518
2309 5547
2338 5547
2338 5518
§
2352 5532
2338 5518
2338 5547
2367 5547
2367 5518
§
2381 5532
2367 5518
2367 5547
2396 5547
2396 5518
§
2410 5532
2396 5518
2396 5547
2425 5547
2425 5518
§
2439 5532
2425 5518
2425 5547
2454 5547
2454 5518
§
2468 5532
2454 5518
2454 5547
2483 5547
2483 5518
§
2497 5532
2483 5518
2483 5547
2512 5547
2512 5518
§
2526 5532
2512 5518
2512 5547
2541 5547
2541 5518
§
2555 5532
2541 5518
2541 5547
2570 5547
2570 5518
§
2584 5532
2570 5518
2570 5547
2599 5547
2599 5518
§
2613 5532
2599 5518
2599 5547
2628 5547
2628 5518
§
2642 5532
2628 5518
2628 5547
2657 5547
2657 5518
§
2671 5532
2657 5518
2657 5547
2686 5547
2686 5518
§
2700 5532
2686 5518
2686 5547
2715 5547
2715 5518
§
2729 5532
2715 5518
2715 5547
2744 5547
2744 5518
§
2758 5532
2744 5518
2744 5547
2773 5547
2773 5518
§
2787 5532
2773 5518
2773 5547
2802 5547
2802 5518
§
2816 5532
2802 5518
2802 5547
2831 5547
2831 5518
§
2838 5532
2831 5518
2831 5547
2846 5547
2846 5518
§
1801 4902
1787 4888
1787 4917
1816 4917
1816 4888
§
1801 4931
1787 4917
1787 4946
1816 4946
1816 4917
§
1801 4960
1787 4946
1787 4975
1816 4975
1816 4946
§
1801 4989
1787 4975
1787 5004
1816 5004
1816 4975
§
1801 5018
1787 5004
1787 5033
1816 5033
1816 5004
§
1801 5047
1787 5033
1787 5062
1816 5062
1816 5033
§
1801 5076
1787 5062
1787 5091
1816 5091
1816 5062
§
1801 5105
1787 5091
1787 5120
1816 5120
1816 5091
§
1801 5134
1787 5120
1787 5149
1816 5149
1816 5120
§
1801 5163
1787 5149
1787 5178
1816 5178
1816 5149
§
1801 5192
1787 5178
1787 5207
1816 5207
1816 5178
§
1801 5221
1787 5207
1787 5236
1816 5236
1816 5207
§
1801 5250
1787 5236
1787 5265
1816 5265
1816 5236
§
1801 5279
1787 5265
1787 5294
1816 5294
1816 5265
§
1801 5308
1787 5294
1787 5323
1816 5323
1816 5294
§
1801 5337
1787 5323
1787 5352
1816 5352
1816 5323
§
1801 5366
1787 5352
1787 5381
1816 5381
1816 5352
§
1801 5395
1787 5381
1787 5410
1816 5410
1816 5381
§
1801 5424
1787 5410
1787 5439
1816 5439
1816 5410
§
1801 5453
1787 5439
1787 5468
1816 5468
1816 5439
§
1801 5482
1787 5468
1787 5497
1816 5497
1816 5468
§
1801 5511
1787 5497
1787 5526
1816 5526
1816 5497
§
1801 5536
1787 5526
1787 5547
1816 5547
1816 5526
§
1802 4901
1788 4887
1788 4915
1816 4915
1816 4887
§
1830 4901
1816 4887
1816 4915
1844 4915
1844 4887
§
1858 4901
1844 4887
1844 4915
1872 4915
1872 4887
§
1886 4901
1872 4887
1872 4915
1900 4915
1900 4887
§
1914 4901
1900 4887
1900 4915
1928 4915
1928 4887
§
1942 4901
1928 4887
1928 4915
1956 4915
1956 4887
§
1970 4901
1956 4887
1956 4915
1984 4915
1984 4887
§
1998 4901
1984 4887
1984 4915
2012 4915
2012 4887
§
2026 4901
2012 4887
2012 4915
2040 4915
2040 4887
§
2054 4901
2040 4887
2040 4915
2068 4915
2068 4887
§
2082 4901
2068 4887
2068 4915
2096 4915
2096 4887
§
2110 4901
2096 4887
2096 4915
2124 4915
2124 4887
§
2138 4901
2124 4887
2124 4915
2152 4915
2152 4887
§
2166 4901
2152 4887
2152 4915
2180 4915
2180 4887
§
2194 4901
2180 4887
2180 4915
2208 4915
2208 4887
§
2222 4901
2208 4887
2208 4915
2236 4915
2236 4887
§
2250 4901
2236 4887
2236 4915
2264 4915
2264 4887
§
2278 4901
2264 4887
2264 4915
2292 4915
2292 4887
§
2306 4901
2292 4887
2292 4915
2320 4915
2320 4887
§
2334 4901
2320 4887
2320 4915
2348 4915
2348 4887
§
2362 4901
2348 4887
2348 4915
2376 4915
2376 4887
§
2390 4901
2376 4887
2376 4915
2404 4915
2404 4887
§
2418 4901
2404 4887
2404 4915
2432 4915
2432 4887
§
2446 4901
2432 4887
2432 4915
2460 4915
2460 4887
§
2474 4901
2460 4887
2460 4915
2488 4915
2488 4887
§
2502 4901
2488 4887
2488 4915
2516 4915
2516 4887
§
2525 4901
2516 4887
2516 4915
2534 4915
2534 4887
§
2730 4901
2717 4888
2717 4914
2743 4914
2743 4888
§
2756 4901
2743 4888
2743 4914
2769 4914
2769 4888
§
2782 4901
2769 4888
2769 4914
2795 4914
2795 4888
§
2808 4901
2795 4888
2795 4914
2821 4914
2821 4888
§
2833 4901
2821 4888
2821 4914
2846 4914
2846 4888
§
2831 4903
2817 4889
2817 4918
2846 4918
2846 4889
§
2831 4932
2817 4918
2817 4947
2846 4947
2846 4918
§
2831 4961
2817 4947
2817 4976
2846 4976
2846 4947
§
2831 4990
2817 4976
2817 5005
2846 5005
2846 4976
§
2831 5019
2817 5005
2817 5034
2846 5034
2846 5005
§
2831 5048
2817 5034
2817 5063
2846 5063
2846 5034
§
2831 5077
2817 5063
2817 5092
2846 5092
2846 5063
§
2831 5106
2817 5092
2817 5121
2846 5121
2846 5092
§
2831 5135
2817 5121
2817 5150
2846 5150
2846 5121
§
2831 5164
2817 5150
2817 5179
2846 5179
2846 5150
§
2831 5193
2817 5179
2817 5208
2846 5208
2846 5179
§
2831 5222
2817 5208
2817 5237
2846 5237
2846 5208
§
2831 5251
2817 5237
2817 5266
2846 5266
2846 5237
§
2831 5280
2817 5266
2817 5295
2846 5295
2846 5266
§
2831 5309
2817 5295
2817 5324
2846 5324
2846 5295
§
2831 5338
2817 5324
2817 5353
2846 5353
2846 5324
§
2831 5367
2817 5353
2817 5382
2846 5382
2846 5353
§
2831 5396
2817 5382
2817 5411
2846 5411
2846 5382
§
2831 5425
2817 5411
2817 5440
2846 5440
2846 5411
§
2831 5454
2817 5440
2817 5469
2846 5469
2846 5440
§
2831 5483
2817 5469
2817 5498
2846 5498
2846 5469
§
2831 5512
2817 5498
2817 5527
2846 5527
2846 5498
§
2831 5536
2817 5527
2817 5546
2846 5546
2846 5527
§
600 4721
586 4707
586 4736
615 4736
615 4707
§
629 4721
615 4707
615 4736
644 4736
644 4707
§
658 4721
644 4707
644 4736
673 4736
673 4707
§
687 4721
673 4707
673 4736
702 4736
702 4707
§
716 4721
702 4707
702 4736
731 4736
731 4707
§
745 4721
731 4707
731 4736
760 4736
760 4707
§
774 4721
760 4707
760 4736
789 4736
789 4707
§
803 4721
789 4707
789 4736
818 4736
818 4707
§
832 4721
818 4707
818 4736
847 4736
847 4707
§
861 4721
847 4707
847 4736
876 4736
876 4707
§
890 4721
876 4707
876 4736
905 4736
905 4707
§
919 4721
905 4707
905 4736
934 4736
934 4707
§
948 4721
934 4707
934 4736
963 4736
963 4707
§
977 4721
963 4707
963 4736
992 4736
992 4707
§
1006 4721
992 4707
992 4736
1021 4736
1021 4707
§
1035 4721
1021 4707
1021 4736
1050 4736
1050 4707
§
1064 4721
1050 4707
1050 4736
1079 4736
1079 4707
§
1093 4721
1079 4707
1079 4736
1108 4736
1108 4707
§
1122 4721
1108 4707
1108 4736
1137 4736
1137 4707
§
1151 4721
1137 4707
1137 4736
1166 4736
1166 4707
§
1180 4721
1166 4707
1166 4736
1195 4736
1195 4707
§
1209 4721
1195 4707
1195 4736
1224 4736
1224 4707
§
1238 4721
1224 4707
1224 4736
1253 4736
1253 4707
§
1267 4721
1253 4707
1253 4736
1282 4736
1282 4707
§
1296 4721
1282 4707
1282 4736
1311 4736
1311 4707
§
1325 4721
1311 4707
1311 4736
1340 4736
1340 4707
§
1354 4721
1340 4707
1340 4736
1369 4736
1369 4707
§
1383 4721
1369 4707
1369 4736
1398 4736
1398 4707
§
1412 4721
1398 4707
1398 4736
1427 4736
1427 4707
§
1441 4721
1427 4707
1427 4736
1456 4736
1456 4707
§
1470 4721
1456 4707
1456 4736
1485 4736
1485 4707
§
1499 4721
1485 4707
1485 4736
1514 4736
1514 4707
§
1528 4721
1514 4707
1514 4736
1543 4736
1543 4707
§
1557 4721
1543 4707
1543 4736
1572 4736
1572 4707
§
1586 4721
1572 4707
1572 4736
1601 4736
1601 4707
§
1615 4721
1601 4707
1601 4736
1630 4736
1630 4707
§
1644 4721
1630 4707
1630 4736
1659 4736
1659 4707
§
1673 4721
1659 4707
1659 4736
1688 4736
1688 4707
§
1702 4721
1688 4707
1688 4736
1717 4736
1717 4707
§
1731 4721
1717 4707
1717 4736
1746 4736
1746 4707
§
1760 4721
1746 4707
1746 4736
1775 4736
1775 4707
§
1789 4721
1775 4707
1775 4736
1804 4736
1804 4707
§
1818 4721
1804 4707
1804 4736
1833 4736
1833 4707
§
1847 4721
1833 4707
1833 4736
1862 4736
1862 4707
§
1876 4721
1862 4707
1862 4736
1891 4736
1891 4707
§
1905 4721
1891 4707
1891 4736
1920 4736
1920 4707
§
1934 4721
1920 4707
1920 4736
1949 4736
1949 4707
§
1963 4721
1949 4707
1949 4736
1978 4736
1978 4707
§
1992 4721
1978 4707
1978 4736
2007 4736
2007 4707
§
2021 4721
2007 4707
2007 4736
2036 4736
2036 4707
§
2050 4721
2036 4707
2036 4736
2065 4736
2065 4707
§
2079 4721
2065 4707
2065 4736
2094 4736
2094 4707
§
2108 4721
2094 4707
2094 4736
2123 4736
2123 4707
§
2137 4721
2123 4707
2123 4736
2152 4736
2152 4707
§
2166 4721
2152 4707
2152 4736
2181 4736
2181 4707
§
2195 4721
2181 4707
2181 4736
2210 4736
2210 4707
§
2224 4721
2210 4707
2210 4736
2239 4736
2239 4707
§
2253 4721
2239 4707
2239 4736
2268 4736
2268 4707
§
2282 4721
2268 4707
2268 4736
2297 4736
2297 4707
§
2311 4721
2297 4707
2297 4736
2326 4736
2326 4707
§
2340 4721
2326 4707
2326 4736
2355 4736
2355 4707
§
2369 4721
2355 4707
2355 4736
2384 4736
2384 4707
§
2398 4721
2384 4707
2384 4736
2413 4736
2413 4707
§
2427 4721
2413 4707
2413 4736
2442 4736
2442 4707
§
2456 4721
2442 4707
2442 4736
2471 4736
2471 4707
§
2485 4721
2471 4707
2471 4736
2500 4736
2500 4707
§
2517 4721
2500 4707
2500 4736
2534 4736
2534 4707
§
2733 4722
2718 4707
2718 4737
2748 4737
2748 4707
§
2763 4722
2748 4707
2748 4737
2778 4737
2778 4707
§
2793 4722
2778 4707
2778 4737
2808 4737
2808 4707
§
2827 4722
2808 4707
2808 4737
2847 4737
2847 4707
§
2831 3941
2818 3928
2818 3955
2845 3955
2845 3928
§
2831 3968
2818 3955
2818 3982
2845 3982
2845 3955
§
2831 3995
2818 3982
2818 4009
2845 4009
2845 3982
§
2831 4022
2818 4009
2818 4036
2845 4036
2845 4009
§
2831 4049
2818 4036
2818 4063
2845 4063
2845 4036
§
2831 4076
2818 4063
2818 4090
2845 4090
2845 4063
§
2831 4103
2818 4090
2818 4117
2845 4117
2845 4090
§
2831 4130
2818 4117
2818 4144
2845 4144
2845 4117
§
2831 4157
2818 4144
2818 4171
2845 4171
2845 4144
§
2831 4184
2818 4171
2818 4198
2845 4198
2845 4171
§
2831 4211
2818 4198
2818 4225
2845 4225
2845 4198
§
2831 4238
2818 4225
2818 4252
2845 4252
2845 4225
§
2831 4265
2818 4252
2818 4279
2845 4279
2845 4252
§
2831 4292
2818 4279
2818 4306
2845 4306
2845 4279
§
2831 4319
2818 4306
2818 4333
2845 4333
2845 4306
§
2831 4346
2818 4333
2818 4360
2845 4360
2845 4333
§
2831 4373
2818 4360
2818 4387
2845 4387
2845 4360
§
2831 4400
2818 4387
2818 4414
2845 4414
2845 4387
§
2831 4427
2818 4414
2818 4441
2845 4441
2845 4414
§
2831 4454
2818 4441
2818 4468
2845 4468
2845 4441
§
2831 4481
2818 4468
2818 4495
2845 4495
2845 4468
§
2831 4508
2818 4495
2818 4522
2845 4522
2845 4495
§
2831 4535
2818 4522
2818 4549
2845 4549
2845 4522
§
2831 4562
2818 4549
2818 4576
2845 4576
2845 4549
§
2831 4589
2818 4576
2818 4603
2845 4603
2845 4576
§
2831 4616
2818 4603
2818 4630
2845 4630
2845 4603
§
2831 4643
2818 4630
2818 4657
2845 4657
2845 4630
§
2831 4670
2818 4657
2818 4684
2845 4684
2845 4657
§
2831 4697
2818 4684
2818 4711
2845 4711
2845 4684
§
2831 4724
2818 4711
2818 4738
2845 4738
2845 4711
§
2831 4751
2818 4738
2818 4765
2845 4765
2845 4738
§
2831 4778
2818 4765
2818 4792
2845 4792
2845 4765
§
2831 4805
2818 4792
2818 4819
2845 4819
2845 4792
§
2831 4832
2818 4819
2818 4846
2845 4846
2845 4819
§
2831 4859
2818 4846
2818 4873
2845 4873
2845 4846
§
2831 4886
2818 4873
2818 4900
2845 4900
2845 4873
§
2831 4907
2818 4900
2818 4914
2845 4914
2845 4900
§
